  2   1
     1 -0.5000000E+00  0.0000000E+00 -0.2500000E+00
     2 -0.5000000E+00  0.6250000E-01 -0.2500000E+00
     3 -0.5000000E+00  0.0000000E+00 -0.3333333E+00
     4 -0.5000000E+00  0.6250000E-01 -0.3333333E+00
     5 -0.5000000E+00  0.0000000E+00 -0.4166667E+00
     6 -0.5000000E+00  0.6250000E-01 -0.4166667E+00
     7 -0.5000000E+00  0.0000000E+00 -0.5000000E+00
     8 -0.5000000E+00  0.6250000E-01 -0.5000000E+00
     9 -0.5000000E+00  0.6250000E-01 -0.2500000E+00
    10 -0.5000000E+00  0.1250000E+00 -0.2500000E+00
    11 -0.5000000E+00  0.6250000E-01 -0.3333333E+00
    12 -0.5000000E+00  0.1250000E+00 -0.3333333E+00
    13 -0.5000000E+00  0.6250000E-01 -0.4166667E+00
    14 -0.5000000E+00  0.1250000E+00 -0.4166667E+00
    15 -0.5000000E+00  0.6250000E-01 -0.5000000E+00
    16 -0.5000000E+00  0.1250000E+00 -0.5000000E+00
    17 -0.5000000E+00  0.1250000E+00 -0.2500000E+00
    18 -0.5000000E+00  0.1875000E+00 -0.2500000E+00
    19 -0.5000000E+00  0.1250000E+00 -0.3333333E+00
    20 -0.5000000E+00  0.1875000E+00 -0.3333333E+00
    21 -0.5000000E+00  0.1250000E+00 -0.4166667E+00
    22 -0.5000000E+00  0.1875000E+00 -0.4166667E+00
    23 -0.5000000E+00  0.1250000E+00 -0.5000000E+00
    24 -0.5000000E+00  0.1875000E+00 -0.5000000E+00
    25 -0.5000000E+00  0.1875000E+00 -0.2500000E+00
    26 -0.5000000E+00  0.2500000E+00 -0.2500000E+00
    27 -0.5000000E+00  0.1875000E+00 -0.3333333E+00
    28 -0.5000000E+00  0.2500000E+00 -0.3333333E+00
    29 -0.5000000E+00  0.1875000E+00 -0.4166667E+00
    30 -0.5000000E+00  0.2500000E+00 -0.4166667E+00
    31 -0.5000000E+00  0.1875000E+00 -0.5000000E+00
    32 -0.5000000E+00  0.2500000E+00 -0.5000000E+00
    33 -0.5000000E+00  0.2500000E+00 -0.2500000E+00
    34 -0.5000000E+00  0.3125000E+00 -0.2500000E+00
    35 -0.5000000E+00  0.2500000E+00 -0.3333333E+00
    36 -0.5000000E+00  0.3125000E+00 -0.3333333E+00
    37 -0.5000000E+00  0.2500000E+00 -0.4166667E+00
    38 -0.5000000E+00  0.3125000E+00 -0.4166667E+00
    39 -0.5000000E+00  0.2500000E+00 -0.5000000E+00
    40 -0.5000000E+00  0.3125000E+00 -0.5000000E+00
    41 -0.5000000E+00  0.3125000E+00 -0.2500000E+00
    42 -0.5000000E+00  0.3750000E+00 -0.2500000E+00
    43 -0.5000000E+00  0.3125000E+00 -0.3333333E+00
    44 -0.5000000E+00  0.3750000E+00 -0.3333333E+00
    45 -0.5000000E+00  0.3125000E+00 -0.4166667E+00
    46 -0.5000000E+00  0.3750000E+00 -0.4166667E+00
    47 -0.5000000E+00  0.3125000E+00 -0.5000000E+00
    48 -0.5000000E+00  0.3750000E+00 -0.5000000E+00
    49 -0.5000000E+00  0.3750000E+00 -0.2500000E+00
    50 -0.5000000E+00  0.4375000E+00 -0.2500000E+00
    51 -0.5000000E+00  0.3750000E+00 -0.3333333E+00
    52 -0.5000000E+00  0.4375000E+00 -0.3333333E+00
    53 -0.5000000E+00  0.3750000E+00 -0.4166667E+00
    54 -0.5000000E+00  0.4375000E+00 -0.4166667E+00
    55 -0.5000000E+00  0.3750000E+00 -0.5000000E+00
    56 -0.5000000E+00  0.4375000E+00 -0.5000000E+00
    57 -0.5000000E+00  0.4375000E+00 -0.2500000E+00
    58 -0.5000000E+00  0.5000000E+00 -0.2500000E+00
    59 -0.5000000E+00  0.4375000E+00 -0.3333333E+00
    60 -0.5000000E+00  0.5000000E+00 -0.3333333E+00
    61 -0.5000000E+00  0.4375000E+00 -0.4166667E+00
    62 -0.5000000E+00  0.5000000E+00 -0.4166667E+00
    63 -0.5000000E+00  0.4375000E+00 -0.5000000E+00
    64 -0.5000000E+00  0.5000000E+00 -0.5000000E+00
    65 -0.5000000E+00  0.0000000E+00  0.0000000E+00
    66 -0.5000000E+00  0.6250000E-01  0.0000000E+00
    67 -0.5000000E+00  0.0000000E+00 -0.8333330E-01
    68 -0.5000000E+00  0.6250000E-01 -0.8333330E-01
    69 -0.5000000E+00  0.0000000E+00 -0.1666667E+00
    70 -0.5000000E+00  0.6250000E-01 -0.1666667E+00
    71 -0.5000000E+00  0.0000000E+00 -0.2500000E+00
    72 -0.5000000E+00  0.6250000E-01 -0.2500000E+00
    73 -0.5000000E+00  0.6250000E-01  0.0000000E+00
    74 -0.5000000E+00  0.1250000E+00  0.0000000E+00
    75 -0.5000000E+00  0.6250000E-01 -0.8333330E-01
    76 -0.5000000E+00  0.1250000E+00 -0.8333330E-01
    77 -0.5000000E+00  0.6250000E-01 -0.1666667E+00
    78 -0.5000000E+00  0.1250000E+00 -0.1666667E+00
    79 -0.5000000E+00  0.6250000E-01 -0.2500000E+00
    80 -0.5000000E+00  0.1250000E+00 -0.2500000E+00
    81 -0.5000000E+00  0.1250000E+00  0.0000000E+00
    82 -0.5000000E+00  0.1875000E+00  0.0000000E+00
    83 -0.5000000E+00  0.1250000E+00 -0.8333330E-01
    84 -0.5000000E+00  0.1875000E+00 -0.8333330E-01
    85 -0.5000000E+00  0.1250000E+00 -0.1666667E+00
    86 -0.5000000E+00  0.1875000E+00 -0.1666667E+00
    87 -0.5000000E+00  0.1250000E+00 -0.2500000E+00
    88 -0.5000000E+00  0.1875000E+00 -0.2500000E+00
    89 -0.5000000E+00  0.1875000E+00  0.0000000E+00
    90 -0.5000000E+00  0.2500000E+00  0.0000000E+00
    91 -0.5000000E+00  0.1875000E+00 -0.8333330E-01
    92 -0.5000000E+00  0.2500000E+00 -0.8333330E-01
    93 -0.5000000E+00  0.1875000E+00 -0.1666667E+00
    94 -0.5000000E+00  0.2500000E+00 -0.1666667E+00
    95 -0.5000000E+00  0.1875000E+00 -0.2500000E+00
    96 -0.5000000E+00  0.2500000E+00 -0.2500000E+00
    97 -0.5000000E+00  0.2500000E+00  0.0000000E+00
    98 -0.5000000E+00  0.3125000E+00  0.0000000E+00
    99 -0.5000000E+00  0.2500000E+00 -0.8333330E-01
   100 -0.5000000E+00  0.3125000E+00 -0.8333330E-01
   101 -0.5000000E+00  0.2500000E+00 -0.1666667E+00
   102 -0.5000000E+00  0.3125000E+00 -0.1666667E+00
   103 -0.5000000E+00  0.2500000E+00 -0.2500000E+00
   104 -0.5000000E+00  0.3125000E+00 -0.2500000E+00
   105 -0.5000000E+00  0.3125000E+00  0.0000000E+00
   106 -0.5000000E+00  0.3750000E+00  0.0000000E+00
   107 -0.5000000E+00  0.3125000E+00 -0.8333330E-01
   108 -0.5000000E+00  0.3750000E+00 -0.8333330E-01
   109 -0.5000000E+00  0.3125000E+00 -0.1666667E+00
   110 -0.5000000E+00  0.3750000E+00 -0.1666667E+00
   111 -0.5000000E+00  0.3125000E+00 -0.2500000E+00
   112 -0.5000000E+00  0.3750000E+00 -0.2500000E+00
   113 -0.5000000E+00  0.3750000E+00  0.0000000E+00
   114 -0.5000000E+00  0.4375000E+00  0.0000000E+00
   115 -0.5000000E+00  0.3750000E+00 -0.8333330E-01
   116 -0.5000000E+00  0.4375000E+00 -0.8333330E-01
   117 -0.5000000E+00  0.3750000E+00 -0.1666667E+00
   118 -0.5000000E+00  0.4375000E+00 -0.1666667E+00
   119 -0.5000000E+00  0.3750000E+00 -0.2500000E+00
   120 -0.5000000E+00  0.4375000E+00 -0.2500000E+00
   121 -0.5000000E+00  0.4375000E+00  0.0000000E+00
   122 -0.5000000E+00  0.5000000E+00  0.0000000E+00
   123 -0.5000000E+00  0.4375000E+00 -0.8333330E-01
   124 -0.5000000E+00  0.5000000E+00 -0.8333330E-01
   125 -0.5000000E+00  0.4375000E+00 -0.1666667E+00
   126 -0.5000000E+00  0.5000000E+00 -0.1666667E+00
   127 -0.5000000E+00  0.4375000E+00 -0.2500000E+00
   128 -0.5000000E+00  0.5000000E+00 -0.2500000E+00
   129  0.5000000E+00  0.6250000E-01 -0.5000000E+00
   130  0.5000000E+00  0.6250000E-01 -0.4166667E+00
   131  0.5000000E+00  0.6250000E-01 -0.3333333E+00
   132  0.5000000E+00  0.6250000E-01 -0.2500000E+00
   133  0.5000000E+00  0.0000000E+00 -0.5000000E+00
   134  0.5000000E+00  0.0000000E+00 -0.4166667E+00
   135  0.5000000E+00  0.0000000E+00 -0.3333333E+00
   136  0.5000000E+00  0.0000000E+00 -0.2500000E+00
   137  0.5000000E+00  0.1250000E+00 -0.5000000E+00
   138  0.5000000E+00  0.1250000E+00 -0.4166667E+00
   139  0.5000000E+00  0.1250000E+00 -0.3333333E+00
   140  0.5000000E+00  0.1250000E+00 -0.2500000E+00
   141  0.5000000E+00  0.6250000E-01 -0.5000000E+00
   142  0.5000000E+00  0.6250000E-01 -0.4166667E+00
   143  0.5000000E+00  0.6250000E-01 -0.3333333E+00
   144  0.5000000E+00  0.6250000E-01 -0.2500000E+00
   145  0.5000000E+00  0.1875000E+00 -0.5000000E+00
   146  0.5000000E+00  0.1875000E+00 -0.4166667E+00
   147  0.5000000E+00  0.1875000E+00 -0.3333333E+00
   148  0.5000000E+00  0.1875000E+00 -0.2500000E+00
   149  0.5000000E+00  0.1250000E+00 -0.5000000E+00
   150  0.5000000E+00  0.1250000E+00 -0.4166667E+00
   151  0.5000000E+00  0.1250000E+00 -0.3333333E+00
   152  0.5000000E+00  0.1250000E+00 -0.2500000E+00
   153  0.5000000E+00  0.2500000E+00 -0.5000000E+00
   154  0.5000000E+00  0.2500000E+00 -0.4166667E+00
   155  0.5000000E+00  0.2500000E+00 -0.3333333E+00
   156  0.5000000E+00  0.2500000E+00 -0.2500000E+00
   157  0.5000000E+00  0.1875000E+00 -0.5000000E+00
   158  0.5000000E+00  0.1875000E+00 -0.4166667E+00
   159  0.5000000E+00  0.1875000E+00 -0.3333333E+00
   160  0.5000000E+00  0.1875000E+00 -0.2500000E+00
   161  0.5000000E+00  0.3125000E+00 -0.5000000E+00
   162  0.5000000E+00  0.3125000E+00 -0.4166667E+00
   163  0.5000000E+00  0.3125000E+00 -0.3333333E+00
   164  0.5000000E+00  0.3125000E+00 -0.2500000E+00
   165  0.5000000E+00  0.2500000E+00 -0.5000000E+00
   166  0.5000000E+00  0.2500000E+00 -0.4166667E+00
   167  0.5000000E+00  0.2500000E+00 -0.3333333E+00
   168  0.5000000E+00  0.2500000E+00 -0.2500000E+00
   169  0.5000000E+00  0.3750000E+00 -0.5000000E+00
   170  0.5000000E+00  0.3750000E+00 -0.4166667E+00
   171  0.5000000E+00  0.3750000E+00 -0.3333333E+00
   172  0.5000000E+00  0.3750000E+00 -0.2500000E+00
   173  0.5000000E+00  0.3125000E+00 -0.5000000E+00
   174  0.5000000E+00  0.3125000E+00 -0.4166667E+00
   175  0.5000000E+00  0.3125000E+00 -0.3333333E+00
   176  0.5000000E+00  0.3125000E+00 -0.2500000E+00
   177  0.5000000E+00  0.4375000E+00 -0.5000000E+00
   178  0.5000000E+00  0.4375000E+00 -0.4166667E+00
   179  0.5000000E+00  0.4375000E+00 -0.3333333E+00
   180  0.5000000E+00  0.4375000E+00 -0.2500000E+00
   181  0.5000000E+00  0.3750000E+00 -0.5000000E+00
   182  0.5000000E+00  0.3750000E+00 -0.4166667E+00
   183  0.5000000E+00  0.3750000E+00 -0.3333333E+00
   184  0.5000000E+00  0.3750000E+00 -0.2500000E+00
   185  0.5000000E+00  0.5000000E+00 -0.5000000E+00
   186  0.5000000E+00  0.5000000E+00 -0.4166667E+00
   187  0.5000000E+00  0.5000000E+00 -0.3333333E+00
   188  0.5000000E+00  0.5000000E+00 -0.2500000E+00
   189  0.5000000E+00  0.4375000E+00 -0.5000000E+00
   190  0.5000000E+00  0.4375000E+00 -0.4166667E+00
   191  0.5000000E+00  0.4375000E+00 -0.3333333E+00
   192  0.5000000E+00  0.4375000E+00 -0.2500000E+00
   193  0.5000000E+00  0.6250000E-01 -0.2500000E+00
   194  0.5000000E+00  0.6250000E-01 -0.1666667E+00
   195  0.5000000E+00  0.6250000E-01 -0.8333330E-01
   196  0.5000000E+00  0.6250000E-01  0.0000000E+00
   197  0.5000000E+00  0.0000000E+00 -0.2500000E+00
   198  0.5000000E+00  0.0000000E+00 -0.1666667E+00
   199  0.5000000E+00  0.0000000E+00 -0.8333330E-01
   200  0.5000000E+00  0.0000000E+00  0.0000000E+00
   201  0.5000000E+00  0.1250000E+00 -0.2500000E+00
   202  0.5000000E+00  0.1250000E+00 -0.1666667E+00
   203  0.5000000E+00  0.1250000E+00 -0.8333330E-01
   204  0.5000000E+00  0.1250000E+00  0.0000000E+00
   205  0.5000000E+00  0.6250000E-01 -0.2500000E+00
   206  0.5000000E+00  0.6250000E-01 -0.1666667E+00
   207  0.5000000E+00  0.6250000E-01 -0.8333330E-01
   208  0.5000000E+00  0.6250000E-01  0.0000000E+00
   209  0.5000000E+00  0.1875000E+00 -0.2500000E+00
   210  0.5000000E+00  0.1875000E+00 -0.1666667E+00
   211  0.5000000E+00  0.1875000E+00 -0.8333330E-01
   212  0.5000000E+00  0.1875000E+00  0.0000000E+00
   213  0.5000000E+00  0.1250000E+00 -0.2500000E+00
   214  0.5000000E+00  0.1250000E+00 -0.1666667E+00
   215  0.5000000E+00  0.1250000E+00 -0.8333330E-01
   216  0.5000000E+00  0.1250000E+00  0.0000000E+00
   217  0.5000000E+00  0.2500000E+00 -0.2500000E+00
   218  0.5000000E+00  0.2500000E+00 -0.1666667E+00
   219  0.5000000E+00  0.2500000E+00 -0.8333330E-01
   220  0.5000000E+00  0.2500000E+00  0.0000000E+00
   221  0.5000000E+00  0.1875000E+00 -0.2500000E+00
   222  0.5000000E+00  0.1875000E+00 -0.1666667E+00
   223  0.5000000E+00  0.1875000E+00 -0.8333330E-01
   224  0.5000000E+00  0.1875000E+00  0.0000000E+00
   225  0.5000000E+00  0.3125000E+00 -0.2500000E+00
   226  0.5000000E+00  0.3125000E+00 -0.1666667E+00
   227  0.5000000E+00  0.3125000E+00 -0.8333330E-01
   228  0.5000000E+00  0.3125000E+00  0.0000000E+00
   229  0.5000000E+00  0.2500000E+00 -0.2500000E+00
   230  0.5000000E+00  0.2500000E+00 -0.1666667E+00
   231  0.5000000E+00  0.2500000E+00 -0.8333330E-01
   232  0.5000000E+00  0.2500000E+00  0.0000000E+00
   233  0.5000000E+00  0.3750000E+00 -0.2500000E+00
   234  0.5000000E+00  0.3750000E+00 -0.1666667E+00
   235  0.5000000E+00  0.3750000E+00 -0.8333330E-01
   236  0.5000000E+00  0.3750000E+00  0.0000000E+00
   237  0.5000000E+00  0.3125000E+00 -0.2500000E+00
   238  0.5000000E+00  0.3125000E+00 -0.1666667E+00
   239  0.5000000E+00  0.3125000E+00 -0.8333330E-01
   240  0.5000000E+00  0.3125000E+00  0.0000000E+00
   241  0.5000000E+00  0.4375000E+00 -0.2500000E+00
   242  0.5000000E+00  0.4375000E+00 -0.1666667E+00
   243  0.5000000E+00  0.4375000E+00 -0.8333330E-01
   244  0.5000000E+00  0.4375000E+00  0.0000000E+00
   245  0.5000000E+00  0.3750000E+00 -0.2500000E+00
   246  0.5000000E+00  0.3750000E+00 -0.1666667E+00
   247  0.5000000E+00  0.3750000E+00 -0.8333330E-01
   248  0.5000000E+00  0.3750000E+00  0.0000000E+00
   249  0.5000000E+00  0.5000000E+00 -0.2500000E+00
   250  0.5000000E+00  0.5000000E+00 -0.1666667E+00
   251  0.5000000E+00  0.5000000E+00 -0.8333330E-01
   252  0.5000000E+00  0.5000000E+00  0.0000000E+00
   253  0.5000000E+00  0.4375000E+00 -0.2500000E+00
   254  0.5000000E+00  0.4375000E+00 -0.1666667E+00
   255  0.5000000E+00  0.4375000E+00 -0.8333330E-01
   256  0.5000000E+00  0.4375000E+00  0.0000000E+00
   257 -0.5000000E+00  0.5000000E+00 -0.2500000E+00
   258 -0.4375000E+00  0.5000000E+00 -0.2500000E+00
   259 -0.5000000E+00  0.5000000E+00 -0.3333333E+00
   260 -0.4375000E+00  0.5000000E+00 -0.3333333E+00
   261 -0.5000000E+00  0.5000000E+00 -0.4166667E+00
   262 -0.4375000E+00  0.5000000E+00 -0.4166667E+00
   263 -0.5000000E+00  0.5000000E+00 -0.5000000E+00
   264 -0.4375000E+00  0.5000000E+00 -0.5000000E+00
   265 -0.4375000E+00  0.5000000E+00 -0.2500000E+00
   266 -0.3750000E+00  0.5000000E+00 -0.2500000E+00
   267 -0.4375000E+00  0.5000000E+00 -0.3333333E+00
   268 -0.3750000E+00  0.5000000E+00 -0.3333333E+00
   269 -0.4375000E+00  0.5000000E+00 -0.4166667E+00
   270 -0.3750000E+00  0.5000000E+00 -0.4166667E+00
   271 -0.4375000E+00  0.5000000E+00 -0.5000000E+00
   272 -0.3750000E+00  0.5000000E+00 -0.5000000E+00
   273 -0.3750000E+00  0.5000000E+00 -0.2500000E+00
   274 -0.3125000E+00  0.5000000E+00 -0.2500000E+00
   275 -0.3750000E+00  0.5000000E+00 -0.3333333E+00
   276 -0.3125000E+00  0.5000000E+00 -0.3333333E+00
   277 -0.3750000E+00  0.5000000E+00 -0.4166667E+00
   278 -0.3125000E+00  0.5000000E+00 -0.4166667E+00
   279 -0.3750000E+00  0.5000000E+00 -0.5000000E+00
   280 -0.3125000E+00  0.5000000E+00 -0.5000000E+00
   281 -0.3125000E+00  0.5000000E+00 -0.2500000E+00
   282 -0.2500000E+00  0.5000000E+00 -0.2500000E+00
   283 -0.3125000E+00  0.5000000E+00 -0.3333333E+00
   284 -0.2500000E+00  0.5000000E+00 -0.3333333E+00
   285 -0.3125000E+00  0.5000000E+00 -0.4166667E+00
   286 -0.2500000E+00  0.5000000E+00 -0.4166667E+00
   287 -0.3125000E+00  0.5000000E+00 -0.5000000E+00
   288 -0.2500000E+00  0.5000000E+00 -0.5000000E+00
   289 -0.2500000E+00  0.5000000E+00 -0.2500000E+00
   290 -0.1875000E+00  0.5000000E+00 -0.2500000E+00
   291 -0.2500000E+00  0.5000000E+00 -0.3333333E+00
   292 -0.1875000E+00  0.5000000E+00 -0.3333333E+00
   293 -0.2500000E+00  0.5000000E+00 -0.4166667E+00
   294 -0.1875000E+00  0.5000000E+00 -0.4166667E+00
   295 -0.2500000E+00  0.5000000E+00 -0.5000000E+00
   296 -0.1875000E+00  0.5000000E+00 -0.5000000E+00
   297 -0.1875000E+00  0.5000000E+00 -0.2500000E+00
   298 -0.1250000E+00  0.5000000E+00 -0.2500000E+00
   299 -0.1875000E+00  0.5000000E+00 -0.3333333E+00
   300 -0.1250000E+00  0.5000000E+00 -0.3333333E+00
   301 -0.1875000E+00  0.5000000E+00 -0.4166667E+00
   302 -0.1250000E+00  0.5000000E+00 -0.4166667E+00
   303 -0.1875000E+00  0.5000000E+00 -0.5000000E+00
   304 -0.1250000E+00  0.5000000E+00 -0.5000000E+00
   305 -0.1250000E+00  0.5000000E+00 -0.2500000E+00
   306 -0.6250000E-01  0.5000000E+00 -0.2500000E+00
   307 -0.1250000E+00  0.5000000E+00 -0.3333333E+00
   308 -0.6250000E-01  0.5000000E+00 -0.3333333E+00
   309 -0.1250000E+00  0.5000000E+00 -0.4166667E+00
   310 -0.6250000E-01  0.5000000E+00 -0.4166667E+00
   311 -0.1250000E+00  0.5000000E+00 -0.5000000E+00
   312 -0.6250000E-01  0.5000000E+00 -0.5000000E+00
   313 -0.6250000E-01  0.5000000E+00 -0.2500000E+00
   314  0.0000000E+00  0.5000000E+00 -0.2500000E+00
   315 -0.6250000E-01  0.5000000E+00 -0.3333333E+00
   316  0.0000000E+00  0.5000000E+00 -0.3333333E+00
   317 -0.6250000E-01  0.5000000E+00 -0.4166667E+00
   318  0.0000000E+00  0.5000000E+00 -0.4166667E+00
   319 -0.6250000E-01  0.5000000E+00 -0.5000000E+00
   320  0.0000000E+00  0.5000000E+00 -0.5000000E+00
   321  0.0000000E+00  0.5000000E+00 -0.2500000E+00
   322  0.6250000E-01  0.5000000E+00 -0.2500000E+00
   323  0.0000000E+00  0.5000000E+00 -0.3333333E+00
   324  0.6250000E-01  0.5000000E+00 -0.3333333E+00
   325  0.0000000E+00  0.5000000E+00 -0.4166667E+00
   326  0.6250000E-01  0.5000000E+00 -0.4166667E+00
   327  0.0000000E+00  0.5000000E+00 -0.5000000E+00
   328  0.6250000E-01  0.5000000E+00 -0.5000000E+00
   329  0.6250000E-01  0.5000000E+00 -0.2500000E+00
   330  0.1250000E+00  0.5000000E+00 -0.2500000E+00
   331  0.6250000E-01  0.5000000E+00 -0.3333333E+00
   332  0.1250000E+00  0.5000000E+00 -0.3333333E+00
   333  0.6250000E-01  0.5000000E+00 -0.4166667E+00
   334  0.1250000E+00  0.5000000E+00 -0.4166667E+00
   335  0.6250000E-01  0.5000000E+00 -0.5000000E+00
   336  0.1250000E+00  0.5000000E+00 -0.5000000E+00
   337  0.1250000E+00  0.5000000E+00 -0.2500000E+00
   338  0.1875000E+00  0.5000000E+00 -0.2500000E+00
   339  0.1250000E+00  0.5000000E+00 -0.3333333E+00
   340  0.1875000E+00  0.5000000E+00 -0.3333333E+00
   341  0.1250000E+00  0.5000000E+00 -0.4166667E+00
   342  0.1875000E+00  0.5000000E+00 -0.4166667E+00
   343  0.1250000E+00  0.5000000E+00 -0.5000000E+00
   344  0.1875000E+00  0.5000000E+00 -0.5000000E+00
   345  0.1875000E+00  0.5000000E+00 -0.2500000E+00
   346  0.2500000E+00  0.5000000E+00 -0.2500000E+00
   347  0.1875000E+00  0.5000000E+00 -0.3333333E+00
   348  0.2500000E+00  0.5000000E+00 -0.3333333E+00
   349  0.1875000E+00  0.5000000E+00 -0.4166667E+00
   350  0.2500000E+00  0.5000000E+00 -0.4166667E+00
   351  0.1875000E+00  0.5000000E+00 -0.5000000E+00
   352  0.2500000E+00  0.5000000E+00 -0.5000000E+00
   353  0.2500000E+00  0.5000000E+00 -0.2500000E+00
   354  0.3125000E+00  0.5000000E+00 -0.2500000E+00
   355  0.2500000E+00  0.5000000E+00 -0.3333333E+00
   356  0.3125000E+00  0.5000000E+00 -0.3333333E+00
   357  0.2500000E+00  0.5000000E+00 -0.4166667E+00
   358  0.3125000E+00  0.5000000E+00 -0.4166667E+00
   359  0.2500000E+00  0.5000000E+00 -0.5000000E+00
   360  0.3125000E+00  0.5000000E+00 -0.5000000E+00
   361  0.3125000E+00  0.5000000E+00 -0.2500000E+00
   362  0.3750000E+00  0.5000000E+00 -0.2500000E+00
   363  0.3125000E+00  0.5000000E+00 -0.3333333E+00
   364  0.3750000E+00  0.5000000E+00 -0.3333333E+00
   365  0.3125000E+00  0.5000000E+00 -0.4166667E+00
   366  0.3750000E+00  0.5000000E+00 -0.4166667E+00
   367  0.3125000E+00  0.5000000E+00 -0.5000000E+00
   368  0.3750000E+00  0.5000000E+00 -0.5000000E+00
   369  0.3750000E+00  0.5000000E+00 -0.2500000E+00
   370  0.4375000E+00  0.5000000E+00 -0.2500000E+00
   371  0.3750000E+00  0.5000000E+00 -0.3333333E+00
   372  0.4375000E+00  0.5000000E+00 -0.3333333E+00
   373  0.3750000E+00  0.5000000E+00 -0.4166667E+00
   374  0.4375000E+00  0.5000000E+00 -0.4166667E+00
   375  0.3750000E+00  0.5000000E+00 -0.5000000E+00
   376  0.4375000E+00  0.5000000E+00 -0.5000000E+00
   377  0.4375000E+00  0.5000000E+00 -0.2500000E+00
   378  0.5000000E+00  0.5000000E+00 -0.2500000E+00
   379  0.4375000E+00  0.5000000E+00 -0.3333333E+00
   380  0.5000000E+00  0.5000000E+00 -0.3333333E+00
   381  0.4375000E+00  0.5000000E+00 -0.4166667E+00
   382  0.5000000E+00  0.5000000E+00 -0.4166667E+00
   383  0.4375000E+00  0.5000000E+00 -0.5000000E+00
   384  0.5000000E+00  0.5000000E+00 -0.5000000E+00
   385 -0.5000000E+00  0.5000000E+00  0.0000000E+00
   386 -0.4375000E+00  0.5000000E+00  0.0000000E+00
   387 -0.5000000E+00  0.5000000E+00 -0.8333330E-01
   388 -0.4375000E+00  0.5000000E+00 -0.8333330E-01
   389 -0.5000000E+00  0.5000000E+00 -0.1666667E+00
   390 -0.4375000E+00  0.5000000E+00 -0.1666667E+00
   391 -0.5000000E+00  0.5000000E+00 -0.2500000E+00
   392 -0.4375000E+00  0.5000000E+00 -0.2500000E+00
   393 -0.4375000E+00  0.5000000E+00  0.0000000E+00
   394 -0.3750000E+00  0.5000000E+00  0.0000000E+00
   395 -0.4375000E+00  0.5000000E+00 -0.8333330E-01
   396 -0.3750000E+00  0.5000000E+00 -0.8333330E-01
   397 -0.4375000E+00  0.5000000E+00 -0.1666667E+00
   398 -0.3750000E+00  0.5000000E+00 -0.1666667E+00
   399 -0.4375000E+00  0.5000000E+00 -0.2500000E+00
   400 -0.3750000E+00  0.5000000E+00 -0.2500000E+00
   401 -0.3750000E+00  0.5000000E+00  0.0000000E+00
   402 -0.3125000E+00  0.5000000E+00  0.0000000E+00
   403 -0.3750000E+00  0.5000000E+00 -0.8333330E-01
   404 -0.3125000E+00  0.5000000E+00 -0.8333330E-01
   405 -0.3750000E+00  0.5000000E+00 -0.1666667E+00
   406 -0.3125000E+00  0.5000000E+00 -0.1666667E+00
   407 -0.3750000E+00  0.5000000E+00 -0.2500000E+00
   408 -0.3125000E+00  0.5000000E+00 -0.2500000E+00
   409 -0.3125000E+00  0.5000000E+00  0.0000000E+00
   410 -0.2500000E+00  0.5000000E+00  0.0000000E+00
   411 -0.3125000E+00  0.5000000E+00 -0.8333330E-01
   412 -0.2500000E+00  0.5000000E+00 -0.8333330E-01
   413 -0.3125000E+00  0.5000000E+00 -0.1666667E+00
   414 -0.2500000E+00  0.5000000E+00 -0.1666667E+00
   415 -0.3125000E+00  0.5000000E+00 -0.2500000E+00
   416 -0.2500000E+00  0.5000000E+00 -0.2500000E+00
   417 -0.2500000E+00  0.5000000E+00  0.0000000E+00
   418 -0.1875000E+00  0.5000000E+00  0.0000000E+00
   419 -0.2500000E+00  0.5000000E+00 -0.8333330E-01
   420 -0.1875000E+00  0.5000000E+00 -0.8333330E-01
   421 -0.2500000E+00  0.5000000E+00 -0.1666667E+00
   422 -0.1875000E+00  0.5000000E+00 -0.1666667E+00
   423 -0.2500000E+00  0.5000000E+00 -0.2500000E+00
   424 -0.1875000E+00  0.5000000E+00 -0.2500000E+00
   425 -0.1875000E+00  0.5000000E+00  0.0000000E+00
   426 -0.1250000E+00  0.5000000E+00  0.0000000E+00
   427 -0.1875000E+00  0.5000000E+00 -0.8333330E-01
   428 -0.1250000E+00  0.5000000E+00 -0.8333330E-01
   429 -0.1875000E+00  0.5000000E+00 -0.1666667E+00
   430 -0.1250000E+00  0.5000000E+00 -0.1666667E+00
   431 -0.1875000E+00  0.5000000E+00 -0.2500000E+00
   432 -0.1250000E+00  0.5000000E+00 -0.2500000E+00
   433 -0.1250000E+00  0.5000000E+00  0.0000000E+00
   434 -0.6250000E-01  0.5000000E+00  0.0000000E+00
   435 -0.1250000E+00  0.5000000E+00 -0.8333330E-01
   436 -0.6250000E-01  0.5000000E+00 -0.8333330E-01
   437 -0.1250000E+00  0.5000000E+00 -0.1666667E+00
   438 -0.6250000E-01  0.5000000E+00 -0.1666667E+00
   439 -0.1250000E+00  0.5000000E+00 -0.2500000E+00
   440 -0.6250000E-01  0.5000000E+00 -0.2500000E+00
   441 -0.6250000E-01  0.5000000E+00  0.0000000E+00
   442  0.0000000E+00  0.5000000E+00  0.0000000E+00
   443 -0.6250000E-01  0.5000000E+00 -0.8333330E-01
   444  0.0000000E+00  0.5000000E+00 -0.8333330E-01
   445 -0.6250000E-01  0.5000000E+00 -0.1666667E+00
   446  0.0000000E+00  0.5000000E+00 -0.1666667E+00
   447 -0.6250000E-01  0.5000000E+00 -0.2500000E+00
   448  0.0000000E+00  0.5000000E+00 -0.2500000E+00
   449  0.0000000E+00  0.5000000E+00  0.0000000E+00
   450  0.6250000E-01  0.5000000E+00  0.0000000E+00
   451  0.0000000E+00  0.5000000E+00 -0.8333330E-01
   452  0.6250000E-01  0.5000000E+00 -0.8333330E-01
   453  0.0000000E+00  0.5000000E+00 -0.1666667E+00
   454  0.6250000E-01  0.5000000E+00 -0.1666667E+00
   455  0.0000000E+00  0.5000000E+00 -0.2500000E+00
   456  0.6250000E-01  0.5000000E+00 -0.2500000E+00
   457  0.6250000E-01  0.5000000E+00  0.0000000E+00
   458  0.1250000E+00  0.5000000E+00  0.0000000E+00
   459  0.6250000E-01  0.5000000E+00 -0.8333330E-01
   460  0.1250000E+00  0.5000000E+00 -0.8333330E-01
   461  0.6250000E-01  0.5000000E+00 -0.1666667E+00
   462  0.1250000E+00  0.5000000E+00 -0.1666667E+00
   463  0.6250000E-01  0.5000000E+00 -0.2500000E+00
   464  0.1250000E+00  0.5000000E+00 -0.2500000E+00
   465  0.1250000E+00  0.5000000E+00  0.0000000E+00
   466  0.1875000E+00  0.5000000E+00  0.0000000E+00
   467  0.1250000E+00  0.5000000E+00 -0.8333330E-01
   468  0.1875000E+00  0.5000000E+00 -0.8333330E-01
   469  0.1250000E+00  0.5000000E+00 -0.1666667E+00
   470  0.1875000E+00  0.5000000E+00 -0.1666667E+00
   471  0.1250000E+00  0.5000000E+00 -0.2500000E+00
   472  0.1875000E+00  0.5000000E+00 -0.2500000E+00
   473  0.1875000E+00  0.5000000E+00  0.0000000E+00
   474  0.2500000E+00  0.5000000E+00  0.0000000E+00
   475  0.1875000E+00  0.5000000E+00 -0.8333330E-01
   476  0.2500000E+00  0.5000000E+00 -0.8333330E-01
   477  0.1875000E+00  0.5000000E+00 -0.1666667E+00
   478  0.2500000E+00  0.5000000E+00 -0.1666667E+00
   479  0.1875000E+00  0.5000000E+00 -0.2500000E+00
   480  0.2500000E+00  0.5000000E+00 -0.2500000E+00
   481  0.2500000E+00  0.5000000E+00  0.0000000E+00
   482  0.3125000E+00  0.5000000E+00  0.0000000E+00
   483  0.2500000E+00  0.5000000E+00 -0.8333330E-01
   484  0.3125000E+00  0.5000000E+00 -0.8333330E-01
   485  0.2500000E+00  0.5000000E+00 -0.1666667E+00
   486  0.3125000E+00  0.5000000E+00 -0.1666667E+00
   487  0.2500000E+00  0.5000000E+00 -0.2500000E+00
   488  0.3125000E+00  0.5000000E+00 -0.2500000E+00
   489  0.3125000E+00  0.5000000E+00  0.0000000E+00
   490  0.3750000E+00  0.5000000E+00  0.0000000E+00
   491  0.3125000E+00  0.5000000E+00 -0.8333330E-01
   492  0.3750000E+00  0.5000000E+00 -0.8333330E-01
   493  0.3125000E+00  0.5000000E+00 -0.1666667E+00
   494  0.3750000E+00  0.5000000E+00 -0.1666667E+00
   495  0.3125000E+00  0.5000000E+00 -0.2500000E+00
   496  0.3750000E+00  0.5000000E+00 -0.2500000E+00
   497  0.3750000E+00  0.5000000E+00  0.0000000E+00
   498  0.4375000E+00  0.5000000E+00  0.0000000E+00
   499  0.3750000E+00  0.5000000E+00 -0.8333330E-01
   500  0.4375000E+00  0.5000000E+00 -0.8333330E-01
   501  0.3750000E+00  0.5000000E+00 -0.1666667E+00
   502  0.4375000E+00  0.5000000E+00 -0.1666667E+00
   503  0.3750000E+00  0.5000000E+00 -0.2500000E+00
   504  0.4375000E+00  0.5000000E+00 -0.2500000E+00
   505  0.4375000E+00  0.5000000E+00  0.0000000E+00
   506  0.5000000E+00  0.5000000E+00  0.0000000E+00
   507  0.4375000E+00  0.5000000E+00 -0.8333330E-01
   508  0.5000000E+00  0.5000000E+00 -0.8333330E-01
   509  0.4375000E+00  0.5000000E+00 -0.1666667E+00
   510  0.5000000E+00  0.5000000E+00 -0.1666667E+00
   511  0.4375000E+00  0.5000000E+00 -0.2500000E+00
   512  0.5000000E+00  0.5000000E+00 -0.2500000E+00
   513 -0.5000000E+00  0.6250000E-01 -0.5000000E+00
   514 -0.4375000E+00  0.6250000E-01 -0.5000000E+00
   515 -0.5000000E+00  0.0000000E+00 -0.5000000E+00
   516 -0.4375000E+00  0.0000000E+00 -0.5000000E+00
   517 -0.4375000E+00  0.6250000E-01 -0.5000000E+00
   518 -0.3750000E+00  0.6250000E-01 -0.5000000E+00
   519 -0.4375000E+00  0.0000000E+00 -0.5000000E+00
   520 -0.3750000E+00  0.0000000E+00 -0.5000000E+00
   521 -0.3750000E+00  0.6250000E-01 -0.5000000E+00
   522 -0.3125000E+00  0.6250000E-01 -0.5000000E+00
   523 -0.3750000E+00  0.0000000E+00 -0.5000000E+00
   524 -0.3125000E+00  0.0000000E+00 -0.5000000E+00
   525 -0.3125000E+00  0.6250000E-01 -0.5000000E+00
   526 -0.2500000E+00  0.6250000E-01 -0.5000000E+00
   527 -0.3125000E+00  0.0000000E+00 -0.5000000E+00
   528 -0.2500000E+00  0.0000000E+00 -0.5000000E+00
   529 -0.2500000E+00  0.6250000E-01 -0.5000000E+00
   530 -0.1875000E+00  0.6250000E-01 -0.5000000E+00
   531 -0.2500000E+00  0.0000000E+00 -0.5000000E+00
   532 -0.1875000E+00  0.0000000E+00 -0.5000000E+00
   533 -0.1875000E+00  0.6250000E-01 -0.5000000E+00
   534 -0.1250000E+00  0.6250000E-01 -0.5000000E+00
   535 -0.1875000E+00  0.0000000E+00 -0.5000000E+00
   536 -0.1250000E+00  0.0000000E+00 -0.5000000E+00
   537 -0.1250000E+00  0.6250000E-01 -0.5000000E+00
   538 -0.6250000E-01  0.6250000E-01 -0.5000000E+00
   539 -0.1250000E+00  0.0000000E+00 -0.5000000E+00
   540 -0.6250000E-01  0.0000000E+00 -0.5000000E+00
   541 -0.6250000E-01  0.6250000E-01 -0.5000000E+00
   542  0.0000000E+00  0.6250000E-01 -0.5000000E+00
   543 -0.6250000E-01  0.0000000E+00 -0.5000000E+00
   544  0.0000000E+00  0.0000000E+00 -0.5000000E+00
   545  0.0000000E+00  0.6250000E-01 -0.5000000E+00
   546  0.6250000E-01  0.6250000E-01 -0.5000000E+00
   547  0.0000000E+00  0.0000000E+00 -0.5000000E+00
   548  0.6250000E-01  0.0000000E+00 -0.5000000E+00
   549  0.6250000E-01  0.6250000E-01 -0.5000000E+00
   550  0.1250000E+00  0.6250000E-01 -0.5000000E+00
   551  0.6250000E-01  0.0000000E+00 -0.5000000E+00
   552  0.1250000E+00  0.0000000E+00 -0.5000000E+00
   553  0.1250000E+00  0.6250000E-01 -0.5000000E+00
   554  0.1875000E+00  0.6250000E-01 -0.5000000E+00
   555  0.1250000E+00  0.0000000E+00 -0.5000000E+00
   556  0.1875000E+00  0.0000000E+00 -0.5000000E+00
   557  0.1875000E+00  0.6250000E-01 -0.5000000E+00
   558  0.2500000E+00  0.6250000E-01 -0.5000000E+00
   559  0.1875000E+00  0.0000000E+00 -0.5000000E+00
   560  0.2500000E+00  0.0000000E+00 -0.5000000E+00
   561  0.2500000E+00  0.6250000E-01 -0.5000000E+00
   562  0.3125000E+00  0.6250000E-01 -0.5000000E+00
   563  0.2500000E+00  0.0000000E+00 -0.5000000E+00
   564  0.3125000E+00  0.0000000E+00 -0.5000000E+00
   565  0.3125000E+00  0.6250000E-01 -0.5000000E+00
   566  0.3750000E+00  0.6250000E-01 -0.5000000E+00
   567  0.3125000E+00  0.0000000E+00 -0.5000000E+00
   568  0.3750000E+00  0.0000000E+00 -0.5000000E+00
   569  0.3750000E+00  0.6250000E-01 -0.5000000E+00
   570  0.4375000E+00  0.6250000E-01 -0.5000000E+00
   571  0.3750000E+00  0.0000000E+00 -0.5000000E+00
   572  0.4375000E+00  0.0000000E+00 -0.5000000E+00
   573  0.4375000E+00  0.6250000E-01 -0.5000000E+00
   574  0.5000000E+00  0.6250000E-01 -0.5000000E+00
   575  0.4375000E+00  0.0000000E+00 -0.5000000E+00
   576  0.5000000E+00  0.0000000E+00 -0.5000000E+00
   577 -0.5000000E+00  0.1250000E+00 -0.5000000E+00
   578 -0.4375000E+00  0.1250000E+00 -0.5000000E+00
   579 -0.5000000E+00  0.6250000E-01 -0.5000000E+00
   580 -0.4375000E+00  0.6250000E-01 -0.5000000E+00
   581 -0.4375000E+00  0.1250000E+00 -0.5000000E+00
   582 -0.3750000E+00  0.1250000E+00 -0.5000000E+00
   583 -0.4375000E+00  0.6250000E-01 -0.5000000E+00
   584 -0.3750000E+00  0.6250000E-01 -0.5000000E+00
   585 -0.3750000E+00  0.1250000E+00 -0.5000000E+00
   586 -0.3125000E+00  0.1250000E+00 -0.5000000E+00
   587 -0.3750000E+00  0.6250000E-01 -0.5000000E+00
   588 -0.3125000E+00  0.6250000E-01 -0.5000000E+00
   589 -0.3125000E+00  0.1250000E+00 -0.5000000E+00
   590 -0.2500000E+00  0.1250000E+00 -0.5000000E+00
   591 -0.3125000E+00  0.6250000E-01 -0.5000000E+00
   592 -0.2500000E+00  0.6250000E-01 -0.5000000E+00
   593 -0.2500000E+00  0.1250000E+00 -0.5000000E+00
   594 -0.1875000E+00  0.1250000E+00 -0.5000000E+00
   595 -0.2500000E+00  0.6250000E-01 -0.5000000E+00
   596 -0.1875000E+00  0.6250000E-01 -0.5000000E+00
   597 -0.1875000E+00  0.1250000E+00 -0.5000000E+00
   598 -0.1250000E+00  0.1250000E+00 -0.5000000E+00
   599 -0.1875000E+00  0.6250000E-01 -0.5000000E+00
   600 -0.1250000E+00  0.6250000E-01 -0.5000000E+00
   601 -0.1250000E+00  0.1250000E+00 -0.5000000E+00
   602 -0.6250000E-01  0.1250000E+00 -0.5000000E+00
   603 -0.1250000E+00  0.6250000E-01 -0.5000000E+00
   604 -0.6250000E-01  0.6250000E-01 -0.5000000E+00
   605 -0.6250000E-01  0.1250000E+00 -0.5000000E+00
   606  0.0000000E+00  0.1250000E+00 -0.5000000E+00
   607 -0.6250000E-01  0.6250000E-01 -0.5000000E+00
   608  0.0000000E+00  0.6250000E-01 -0.5000000E+00
   609  0.0000000E+00  0.1250000E+00 -0.5000000E+00
   610  0.6250000E-01  0.1250000E+00 -0.5000000E+00
   611  0.0000000E+00  0.6250000E-01 -0.5000000E+00
   612  0.6250000E-01  0.6250000E-01 -0.5000000E+00
   613  0.6250000E-01  0.1250000E+00 -0.5000000E+00
   614  0.1250000E+00  0.1250000E+00 -0.5000000E+00
   615  0.6250000E-01  0.6250000E-01 -0.5000000E+00
   616  0.1250000E+00  0.6250000E-01 -0.5000000E+00
   617  0.1250000E+00  0.1250000E+00 -0.5000000E+00
   618  0.1875000E+00  0.1250000E+00 -0.5000000E+00
   619  0.1250000E+00  0.6250000E-01 -0.5000000E+00
   620  0.1875000E+00  0.6250000E-01 -0.5000000E+00
   621  0.1875000E+00  0.1250000E+00 -0.5000000E+00
   622  0.2500000E+00  0.1250000E+00 -0.5000000E+00
   623  0.1875000E+00  0.6250000E-01 -0.5000000E+00
   624  0.2500000E+00  0.6250000E-01 -0.5000000E+00
   625  0.2500000E+00  0.1250000E+00 -0.5000000E+00
   626  0.3125000E+00  0.1250000E+00 -0.5000000E+00
   627  0.2500000E+00  0.6250000E-01 -0.5000000E+00
   628  0.3125000E+00  0.6250000E-01 -0.5000000E+00
   629  0.3125000E+00  0.1250000E+00 -0.5000000E+00
   630  0.3750000E+00  0.1250000E+00 -0.5000000E+00
   631  0.3125000E+00  0.6250000E-01 -0.5000000E+00
   632  0.3750000E+00  0.6250000E-01 -0.5000000E+00
   633  0.3750000E+00  0.1250000E+00 -0.5000000E+00
   634  0.4375000E+00  0.1250000E+00 -0.5000000E+00
   635  0.3750000E+00  0.6250000E-01 -0.5000000E+00
   636  0.4375000E+00  0.6250000E-01 -0.5000000E+00
   637  0.4375000E+00  0.1250000E+00 -0.5000000E+00
   638  0.5000000E+00  0.1250000E+00 -0.5000000E+00
   639  0.4375000E+00  0.6250000E-01 -0.5000000E+00
   640  0.5000000E+00  0.6250000E-01 -0.5000000E+00
   641 -0.5000000E+00  0.1875000E+00 -0.5000000E+00
   642 -0.4375000E+00  0.1875000E+00 -0.5000000E+00
   643 -0.5000000E+00  0.1250000E+00 -0.5000000E+00
   644 -0.4375000E+00  0.1250000E+00 -0.5000000E+00
   645 -0.4375000E+00  0.1875000E+00 -0.5000000E+00
   646 -0.3750000E+00  0.1875000E+00 -0.5000000E+00
   647 -0.4375000E+00  0.1250000E+00 -0.5000000E+00
   648 -0.3750000E+00  0.1250000E+00 -0.5000000E+00
   649 -0.3750000E+00  0.1875000E+00 -0.5000000E+00
   650 -0.3125000E+00  0.1875000E+00 -0.5000000E+00
   651 -0.3750000E+00  0.1250000E+00 -0.5000000E+00
   652 -0.3125000E+00  0.1250000E+00 -0.5000000E+00
   653 -0.3125000E+00  0.1875000E+00 -0.5000000E+00
   654 -0.2500000E+00  0.1875000E+00 -0.5000000E+00
   655 -0.3125000E+00  0.1250000E+00 -0.5000000E+00
   656 -0.2500000E+00  0.1250000E+00 -0.5000000E+00
   657 -0.2500000E+00  0.1875000E+00 -0.5000000E+00
   658 -0.1875000E+00  0.1875000E+00 -0.5000000E+00
   659 -0.2500000E+00  0.1250000E+00 -0.5000000E+00
   660 -0.1875000E+00  0.1250000E+00 -0.5000000E+00
   661 -0.1875000E+00  0.1875000E+00 -0.5000000E+00
   662 -0.1250000E+00  0.1875000E+00 -0.5000000E+00
   663 -0.1875000E+00  0.1250000E+00 -0.5000000E+00
   664 -0.1250000E+00  0.1250000E+00 -0.5000000E+00
   665 -0.1250000E+00  0.1875000E+00 -0.5000000E+00
   666 -0.6250000E-01  0.1875000E+00 -0.5000000E+00
   667 -0.1250000E+00  0.1250000E+00 -0.5000000E+00
   668 -0.6250000E-01  0.1250000E+00 -0.5000000E+00
   669 -0.6250000E-01  0.1875000E+00 -0.5000000E+00
   670  0.0000000E+00  0.1875000E+00 -0.5000000E+00
   671 -0.6250000E-01  0.1250000E+00 -0.5000000E+00
   672  0.0000000E+00  0.1250000E+00 -0.5000000E+00
   673  0.0000000E+00  0.1875000E+00 -0.5000000E+00
   674  0.6250000E-01  0.1875000E+00 -0.5000000E+00
   675  0.0000000E+00  0.1250000E+00 -0.5000000E+00
   676  0.6250000E-01  0.1250000E+00 -0.5000000E+00
   677  0.6250000E-01  0.1875000E+00 -0.5000000E+00
   678  0.1250000E+00  0.1875000E+00 -0.5000000E+00
   679  0.6250000E-01  0.1250000E+00 -0.5000000E+00
   680  0.1250000E+00  0.1250000E+00 -0.5000000E+00
   681  0.1250000E+00  0.1875000E+00 -0.5000000E+00
   682  0.1875000E+00  0.1875000E+00 -0.5000000E+00
   683  0.1250000E+00  0.1250000E+00 -0.5000000E+00
   684  0.1875000E+00  0.1250000E+00 -0.5000000E+00
   685  0.1875000E+00  0.1875000E+00 -0.5000000E+00
   686  0.2500000E+00  0.1875000E+00 -0.5000000E+00
   687  0.1875000E+00  0.1250000E+00 -0.5000000E+00
   688  0.2500000E+00  0.1250000E+00 -0.5000000E+00
   689  0.2500000E+00  0.1875000E+00 -0.5000000E+00
   690  0.3125000E+00  0.1875000E+00 -0.5000000E+00
   691  0.2500000E+00  0.1250000E+00 -0.5000000E+00
   692  0.3125000E+00  0.1250000E+00 -0.5000000E+00
   693  0.3125000E+00  0.1875000E+00 -0.5000000E+00
   694  0.3750000E+00  0.1875000E+00 -0.5000000E+00
   695  0.3125000E+00  0.1250000E+00 -0.5000000E+00
   696  0.3750000E+00  0.1250000E+00 -0.5000000E+00
   697  0.3750000E+00  0.1875000E+00 -0.5000000E+00
   698  0.4375000E+00  0.1875000E+00 -0.5000000E+00
   699  0.3750000E+00  0.1250000E+00 -0.5000000E+00
   700  0.4375000E+00  0.1250000E+00 -0.5000000E+00
   701  0.4375000E+00  0.1875000E+00 -0.5000000E+00
   702  0.5000000E+00  0.1875000E+00 -0.5000000E+00
   703  0.4375000E+00  0.1250000E+00 -0.5000000E+00
   704  0.5000000E+00  0.1250000E+00 -0.5000000E+00
   705 -0.5000000E+00  0.2500000E+00 -0.5000000E+00
   706 -0.4375000E+00  0.2500000E+00 -0.5000000E+00
   707 -0.5000000E+00  0.1875000E+00 -0.5000000E+00
   708 -0.4375000E+00  0.1875000E+00 -0.5000000E+00
   709 -0.4375000E+00  0.2500000E+00 -0.5000000E+00
   710 -0.3750000E+00  0.2500000E+00 -0.5000000E+00
   711 -0.4375000E+00  0.1875000E+00 -0.5000000E+00
   712 -0.3750000E+00  0.1875000E+00 -0.5000000E+00
   713 -0.3750000E+00  0.2500000E+00 -0.5000000E+00
   714 -0.3125000E+00  0.2500000E+00 -0.5000000E+00
   715 -0.3750000E+00  0.1875000E+00 -0.5000000E+00
   716 -0.3125000E+00  0.1875000E+00 -0.5000000E+00
   717 -0.3125000E+00  0.2500000E+00 -0.5000000E+00
   718 -0.2500000E+00  0.2500000E+00 -0.5000000E+00
   719 -0.3125000E+00  0.1875000E+00 -0.5000000E+00
   720 -0.2500000E+00  0.1875000E+00 -0.5000000E+00
   721 -0.2500000E+00  0.2500000E+00 -0.5000000E+00
   722 -0.1875000E+00  0.2500000E+00 -0.5000000E+00
   723 -0.2500000E+00  0.1875000E+00 -0.5000000E+00
   724 -0.1875000E+00  0.1875000E+00 -0.5000000E+00
   725 -0.1875000E+00  0.2500000E+00 -0.5000000E+00
   726 -0.1250000E+00  0.2500000E+00 -0.5000000E+00
   727 -0.1875000E+00  0.1875000E+00 -0.5000000E+00
   728 -0.1250000E+00  0.1875000E+00 -0.5000000E+00
   729 -0.1250000E+00  0.2500000E+00 -0.5000000E+00
   730 -0.6250000E-01  0.2500000E+00 -0.5000000E+00
   731 -0.1250000E+00  0.1875000E+00 -0.5000000E+00
   732 -0.6250000E-01  0.1875000E+00 -0.5000000E+00
   733 -0.6250000E-01  0.2500000E+00 -0.5000000E+00
   734  0.0000000E+00  0.2500000E+00 -0.5000000E+00
   735 -0.6250000E-01  0.1875000E+00 -0.5000000E+00
   736  0.0000000E+00  0.1875000E+00 -0.5000000E+00
   737  0.0000000E+00  0.2500000E+00 -0.5000000E+00
   738  0.6250000E-01  0.2500000E+00 -0.5000000E+00
   739  0.0000000E+00  0.1875000E+00 -0.5000000E+00
   740  0.6250000E-01  0.1875000E+00 -0.5000000E+00
   741  0.6250000E-01  0.2500000E+00 -0.5000000E+00
   742  0.1250000E+00  0.2500000E+00 -0.5000000E+00
   743  0.6250000E-01  0.1875000E+00 -0.5000000E+00
   744  0.1250000E+00  0.1875000E+00 -0.5000000E+00
   745  0.1250000E+00  0.2500000E+00 -0.5000000E+00
   746  0.1875000E+00  0.2500000E+00 -0.5000000E+00
   747  0.1250000E+00  0.1875000E+00 -0.5000000E+00
   748  0.1875000E+00  0.1875000E+00 -0.5000000E+00
   749  0.1875000E+00  0.2500000E+00 -0.5000000E+00
   750  0.2500000E+00  0.2500000E+00 -0.5000000E+00
   751  0.1875000E+00  0.1875000E+00 -0.5000000E+00
   752  0.2500000E+00  0.1875000E+00 -0.5000000E+00
   753  0.2500000E+00  0.2500000E+00 -0.5000000E+00
   754  0.3125000E+00  0.2500000E+00 -0.5000000E+00
   755  0.2500000E+00  0.1875000E+00 -0.5000000E+00
   756  0.3125000E+00  0.1875000E+00 -0.5000000E+00
   757  0.3125000E+00  0.2500000E+00 -0.5000000E+00
   758  0.3750000E+00  0.2500000E+00 -0.5000000E+00
   759  0.3125000E+00  0.1875000E+00 -0.5000000E+00
   760  0.3750000E+00  0.1875000E+00 -0.5000000E+00
   761  0.3750000E+00  0.2500000E+00 -0.5000000E+00
   762  0.4375000E+00  0.2500000E+00 -0.5000000E+00
   763  0.3750000E+00  0.1875000E+00 -0.5000000E+00
   764  0.4375000E+00  0.1875000E+00 -0.5000000E+00
   765  0.4375000E+00  0.2500000E+00 -0.5000000E+00
   766  0.5000000E+00  0.2500000E+00 -0.5000000E+00
   767  0.4375000E+00  0.1875000E+00 -0.5000000E+00
   768  0.5000000E+00  0.1875000E+00 -0.5000000E+00
   769 -0.5000000E+00  0.3125000E+00 -0.5000000E+00
   770 -0.4375000E+00  0.3125000E+00 -0.5000000E+00
   771 -0.5000000E+00  0.2500000E+00 -0.5000000E+00
   772 -0.4375000E+00  0.2500000E+00 -0.5000000E+00
   773 -0.4375000E+00  0.3125000E+00 -0.5000000E+00
   774 -0.3750000E+00  0.3125000E+00 -0.5000000E+00
   775 -0.4375000E+00  0.2500000E+00 -0.5000000E+00
   776 -0.3750000E+00  0.2500000E+00 -0.5000000E+00
   777 -0.3750000E+00  0.3125000E+00 -0.5000000E+00
   778 -0.3125000E+00  0.3125000E+00 -0.5000000E+00
   779 -0.3750000E+00  0.2500000E+00 -0.5000000E+00
   780 -0.3125000E+00  0.2500000E+00 -0.5000000E+00
   781 -0.3125000E+00  0.3125000E+00 -0.5000000E+00
   782 -0.2500000E+00  0.3125000E+00 -0.5000000E+00
   783 -0.3125000E+00  0.2500000E+00 -0.5000000E+00
   784 -0.2500000E+00  0.2500000E+00 -0.5000000E+00
   785 -0.2500000E+00  0.3125000E+00 -0.5000000E+00
   786 -0.1875000E+00  0.3125000E+00 -0.5000000E+00
   787 -0.2500000E+00  0.2500000E+00 -0.5000000E+00
   788 -0.1875000E+00  0.2500000E+00 -0.5000000E+00
   789 -0.1875000E+00  0.3125000E+00 -0.5000000E+00
   790 -0.1250000E+00  0.3125000E+00 -0.5000000E+00
   791 -0.1875000E+00  0.2500000E+00 -0.5000000E+00
   792 -0.1250000E+00  0.2500000E+00 -0.5000000E+00
   793 -0.1250000E+00  0.3125000E+00 -0.5000000E+00
   794 -0.6250000E-01  0.3125000E+00 -0.5000000E+00
   795 -0.1250000E+00  0.2500000E+00 -0.5000000E+00
   796 -0.6250000E-01  0.2500000E+00 -0.5000000E+00
   797 -0.6250000E-01  0.3125000E+00 -0.5000000E+00
   798  0.0000000E+00  0.3125000E+00 -0.5000000E+00
   799 -0.6250000E-01  0.2500000E+00 -0.5000000E+00
   800  0.0000000E+00  0.2500000E+00 -0.5000000E+00
   801  0.0000000E+00  0.3125000E+00 -0.5000000E+00
   802  0.6250000E-01  0.3125000E+00 -0.5000000E+00
   803  0.0000000E+00  0.2500000E+00 -0.5000000E+00
   804  0.6250000E-01  0.2500000E+00 -0.5000000E+00
   805  0.6250000E-01  0.3125000E+00 -0.5000000E+00
   806  0.1250000E+00  0.3125000E+00 -0.5000000E+00
   807  0.6250000E-01  0.2500000E+00 -0.5000000E+00
   808  0.1250000E+00  0.2500000E+00 -0.5000000E+00
   809  0.1250000E+00  0.3125000E+00 -0.5000000E+00
   810  0.1875000E+00  0.3125000E+00 -0.5000000E+00
   811  0.1250000E+00  0.2500000E+00 -0.5000000E+00
   812  0.1875000E+00  0.2500000E+00 -0.5000000E+00
   813  0.1875000E+00  0.3125000E+00 -0.5000000E+00
   814  0.2500000E+00  0.3125000E+00 -0.5000000E+00
   815  0.1875000E+00  0.2500000E+00 -0.5000000E+00
   816  0.2500000E+00  0.2500000E+00 -0.5000000E+00
   817  0.2500000E+00  0.3125000E+00 -0.5000000E+00
   818  0.3125000E+00  0.3125000E+00 -0.5000000E+00
   819  0.2500000E+00  0.2500000E+00 -0.5000000E+00
   820  0.3125000E+00  0.2500000E+00 -0.5000000E+00
   821  0.3125000E+00  0.3125000E+00 -0.5000000E+00
   822  0.3750000E+00  0.3125000E+00 -0.5000000E+00
   823  0.3125000E+00  0.2500000E+00 -0.5000000E+00
   824  0.3750000E+00  0.2500000E+00 -0.5000000E+00
   825  0.3750000E+00  0.3125000E+00 -0.5000000E+00
   826  0.4375000E+00  0.3125000E+00 -0.5000000E+00
   827  0.3750000E+00  0.2500000E+00 -0.5000000E+00
   828  0.4375000E+00  0.2500000E+00 -0.5000000E+00
   829  0.4375000E+00  0.3125000E+00 -0.5000000E+00
   830  0.5000000E+00  0.3125000E+00 -0.5000000E+00
   831  0.4375000E+00  0.2500000E+00 -0.5000000E+00
   832  0.5000000E+00  0.2500000E+00 -0.5000000E+00
   833 -0.5000000E+00  0.3750000E+00 -0.5000000E+00
   834 -0.4375000E+00  0.3750000E+00 -0.5000000E+00
   835 -0.5000000E+00  0.3125000E+00 -0.5000000E+00
   836 -0.4375000E+00  0.3125000E+00 -0.5000000E+00
   837 -0.4375000E+00  0.3750000E+00 -0.5000000E+00
   838 -0.3750000E+00  0.3750000E+00 -0.5000000E+00
   839 -0.4375000E+00  0.3125000E+00 -0.5000000E+00
   840 -0.3750000E+00  0.3125000E+00 -0.5000000E+00
   841 -0.3750000E+00  0.3750000E+00 -0.5000000E+00
   842 -0.3125000E+00  0.3750000E+00 -0.5000000E+00
   843 -0.3750000E+00  0.3125000E+00 -0.5000000E+00
   844 -0.3125000E+00  0.3125000E+00 -0.5000000E+00
   845 -0.3125000E+00  0.3750000E+00 -0.5000000E+00
   846 -0.2500000E+00  0.3750000E+00 -0.5000000E+00
   847 -0.3125000E+00  0.3125000E+00 -0.5000000E+00
   848 -0.2500000E+00  0.3125000E+00 -0.5000000E+00
   849 -0.2500000E+00  0.3750000E+00 -0.5000000E+00
   850 -0.1875000E+00  0.3750000E+00 -0.5000000E+00
   851 -0.2500000E+00  0.3125000E+00 -0.5000000E+00
   852 -0.1875000E+00  0.3125000E+00 -0.5000000E+00
   853 -0.1875000E+00  0.3750000E+00 -0.5000000E+00
   854 -0.1250000E+00  0.3750000E+00 -0.5000000E+00
   855 -0.1875000E+00  0.3125000E+00 -0.5000000E+00
   856 -0.1250000E+00  0.3125000E+00 -0.5000000E+00
   857 -0.1250000E+00  0.3750000E+00 -0.5000000E+00
   858 -0.6250000E-01  0.3750000E+00 -0.5000000E+00
   859 -0.1250000E+00  0.3125000E+00 -0.5000000E+00
   860 -0.6250000E-01  0.3125000E+00 -0.5000000E+00
   861 -0.6250000E-01  0.3750000E+00 -0.5000000E+00
   862  0.0000000E+00  0.3750000E+00 -0.5000000E+00
   863 -0.6250000E-01  0.3125000E+00 -0.5000000E+00
   864  0.0000000E+00  0.3125000E+00 -0.5000000E+00
   865  0.0000000E+00  0.3750000E+00 -0.5000000E+00
   866  0.6250000E-01  0.3750000E+00 -0.5000000E+00
   867  0.0000000E+00  0.3125000E+00 -0.5000000E+00
   868  0.6250000E-01  0.3125000E+00 -0.5000000E+00
   869  0.6250000E-01  0.3750000E+00 -0.5000000E+00
   870  0.1250000E+00  0.3750000E+00 -0.5000000E+00
   871  0.6250000E-01  0.3125000E+00 -0.5000000E+00
   872  0.1250000E+00  0.3125000E+00 -0.5000000E+00
   873  0.1250000E+00  0.3750000E+00 -0.5000000E+00
   874  0.1875000E+00  0.3750000E+00 -0.5000000E+00
   875  0.1250000E+00  0.3125000E+00 -0.5000000E+00
   876  0.1875000E+00  0.3125000E+00 -0.5000000E+00
   877  0.1875000E+00  0.3750000E+00 -0.5000000E+00
   878  0.2500000E+00  0.3750000E+00 -0.5000000E+00
   879  0.1875000E+00  0.3125000E+00 -0.5000000E+00
   880  0.2500000E+00  0.3125000E+00 -0.5000000E+00
   881  0.2500000E+00  0.3750000E+00 -0.5000000E+00
   882  0.3125000E+00  0.3750000E+00 -0.5000000E+00
   883  0.2500000E+00  0.3125000E+00 -0.5000000E+00
   884  0.3125000E+00  0.3125000E+00 -0.5000000E+00
   885  0.3125000E+00  0.3750000E+00 -0.5000000E+00
   886  0.3750000E+00  0.3750000E+00 -0.5000000E+00
   887  0.3125000E+00  0.3125000E+00 -0.5000000E+00
   888  0.3750000E+00  0.3125000E+00 -0.5000000E+00
   889  0.3750000E+00  0.3750000E+00 -0.5000000E+00
   890  0.4375000E+00  0.3750000E+00 -0.5000000E+00
   891  0.3750000E+00  0.3125000E+00 -0.5000000E+00
   892  0.4375000E+00  0.3125000E+00 -0.5000000E+00
   893  0.4375000E+00  0.3750000E+00 -0.5000000E+00
   894  0.5000000E+00  0.3750000E+00 -0.5000000E+00
   895  0.4375000E+00  0.3125000E+00 -0.5000000E+00
   896  0.5000000E+00  0.3125000E+00 -0.5000000E+00
   897 -0.5000000E+00  0.4375000E+00 -0.5000000E+00
   898 -0.4375000E+00  0.4375000E+00 -0.5000000E+00
   899 -0.5000000E+00  0.3750000E+00 -0.5000000E+00
   900 -0.4375000E+00  0.3750000E+00 -0.5000000E+00
   901 -0.4375000E+00  0.4375000E+00 -0.5000000E+00
   902 -0.3750000E+00  0.4375000E+00 -0.5000000E+00
   903 -0.4375000E+00  0.3750000E+00 -0.5000000E+00
   904 -0.3750000E+00  0.3750000E+00 -0.5000000E+00
   905 -0.3750000E+00  0.4375000E+00 -0.5000000E+00
   906 -0.3125000E+00  0.4375000E+00 -0.5000000E+00
   907 -0.3750000E+00  0.3750000E+00 -0.5000000E+00
   908 -0.3125000E+00  0.3750000E+00 -0.5000000E+00
   909 -0.3125000E+00  0.4375000E+00 -0.5000000E+00
   910 -0.2500000E+00  0.4375000E+00 -0.5000000E+00
   911 -0.3125000E+00  0.3750000E+00 -0.5000000E+00
   912 -0.2500000E+00  0.3750000E+00 -0.5000000E+00
   913 -0.2500000E+00  0.4375000E+00 -0.5000000E+00
   914 -0.1875000E+00  0.4375000E+00 -0.5000000E+00
   915 -0.2500000E+00  0.3750000E+00 -0.5000000E+00
   916 -0.1875000E+00  0.3750000E+00 -0.5000000E+00
   917 -0.1875000E+00  0.4375000E+00 -0.5000000E+00
   918 -0.1250000E+00  0.4375000E+00 -0.5000000E+00
   919 -0.1875000E+00  0.3750000E+00 -0.5000000E+00
   920 -0.1250000E+00  0.3750000E+00 -0.5000000E+00
   921 -0.1250000E+00  0.4375000E+00 -0.5000000E+00
   922 -0.6250000E-01  0.4375000E+00 -0.5000000E+00
   923 -0.1250000E+00  0.3750000E+00 -0.5000000E+00
   924 -0.6250000E-01  0.3750000E+00 -0.5000000E+00
   925 -0.6250000E-01  0.4375000E+00 -0.5000000E+00
   926  0.0000000E+00  0.4375000E+00 -0.5000000E+00
   927 -0.6250000E-01  0.3750000E+00 -0.5000000E+00
   928  0.0000000E+00  0.3750000E+00 -0.5000000E+00
   929  0.0000000E+00  0.4375000E+00 -0.5000000E+00
   930  0.6250000E-01  0.4375000E+00 -0.5000000E+00
   931  0.0000000E+00  0.3750000E+00 -0.5000000E+00
   932  0.6250000E-01  0.3750000E+00 -0.5000000E+00
   933  0.6250000E-01  0.4375000E+00 -0.5000000E+00
   934  0.1250000E+00  0.4375000E+00 -0.5000000E+00
   935  0.6250000E-01  0.3750000E+00 -0.5000000E+00
   936  0.1250000E+00  0.3750000E+00 -0.5000000E+00
   937  0.1250000E+00  0.4375000E+00 -0.5000000E+00
   938  0.1875000E+00  0.4375000E+00 -0.5000000E+00
   939  0.1250000E+00  0.3750000E+00 -0.5000000E+00
   940  0.1875000E+00  0.3750000E+00 -0.5000000E+00
   941  0.1875000E+00  0.4375000E+00 -0.5000000E+00
   942  0.2500000E+00  0.4375000E+00 -0.5000000E+00
   943  0.1875000E+00  0.3750000E+00 -0.5000000E+00
   944  0.2500000E+00  0.3750000E+00 -0.5000000E+00
   945  0.2500000E+00  0.4375000E+00 -0.5000000E+00
   946  0.3125000E+00  0.4375000E+00 -0.5000000E+00
   947  0.2500000E+00  0.3750000E+00 -0.5000000E+00
   948  0.3125000E+00  0.3750000E+00 -0.5000000E+00
   949  0.3125000E+00  0.4375000E+00 -0.5000000E+00
   950  0.3750000E+00  0.4375000E+00 -0.5000000E+00
   951  0.3125000E+00  0.3750000E+00 -0.5000000E+00
   952  0.3750000E+00  0.3750000E+00 -0.5000000E+00
   953  0.3750000E+00  0.4375000E+00 -0.5000000E+00
   954  0.4375000E+00  0.4375000E+00 -0.5000000E+00
   955  0.3750000E+00  0.3750000E+00 -0.5000000E+00
   956  0.4375000E+00  0.3750000E+00 -0.5000000E+00
   957  0.4375000E+00  0.4375000E+00 -0.5000000E+00
   958  0.5000000E+00  0.4375000E+00 -0.5000000E+00
   959  0.4375000E+00  0.3750000E+00 -0.5000000E+00
   960  0.5000000E+00  0.3750000E+00 -0.5000000E+00
   961 -0.5000000E+00  0.5000000E+00 -0.5000000E+00
   962 -0.4375000E+00  0.5000000E+00 -0.5000000E+00
   963 -0.5000000E+00  0.4375000E+00 -0.5000000E+00
   964 -0.4375000E+00  0.4375000E+00 -0.5000000E+00
   965 -0.4375000E+00  0.5000000E+00 -0.5000000E+00
   966 -0.3750000E+00  0.5000000E+00 -0.5000000E+00
   967 -0.4375000E+00  0.4375000E+00 -0.5000000E+00
   968 -0.3750000E+00  0.4375000E+00 -0.5000000E+00
   969 -0.3750000E+00  0.5000000E+00 -0.5000000E+00
   970 -0.3125000E+00  0.5000000E+00 -0.5000000E+00
   971 -0.3750000E+00  0.4375000E+00 -0.5000000E+00
   972 -0.3125000E+00  0.4375000E+00 -0.5000000E+00
   973 -0.3125000E+00  0.5000000E+00 -0.5000000E+00
   974 -0.2500000E+00  0.5000000E+00 -0.5000000E+00
   975 -0.3125000E+00  0.4375000E+00 -0.5000000E+00
   976 -0.2500000E+00  0.4375000E+00 -0.5000000E+00
   977 -0.2500000E+00  0.5000000E+00 -0.5000000E+00
   978 -0.1875000E+00  0.5000000E+00 -0.5000000E+00
   979 -0.2500000E+00  0.4375000E+00 -0.5000000E+00
   980 -0.1875000E+00  0.4375000E+00 -0.5000000E+00
   981 -0.1875000E+00  0.5000000E+00 -0.5000000E+00
   982 -0.1250000E+00  0.5000000E+00 -0.5000000E+00
   983 -0.1875000E+00  0.4375000E+00 -0.5000000E+00
   984 -0.1250000E+00  0.4375000E+00 -0.5000000E+00
   985 -0.1250000E+00  0.5000000E+00 -0.5000000E+00
   986 -0.6250000E-01  0.5000000E+00 -0.5000000E+00
   987 -0.1250000E+00  0.4375000E+00 -0.5000000E+00
   988 -0.6250000E-01  0.4375000E+00 -0.5000000E+00
   989 -0.6250000E-01  0.5000000E+00 -0.5000000E+00
   990  0.0000000E+00  0.5000000E+00 -0.5000000E+00
   991 -0.6250000E-01  0.4375000E+00 -0.5000000E+00
   992  0.0000000E+00  0.4375000E+00 -0.5000000E+00
   993  0.0000000E+00  0.5000000E+00 -0.5000000E+00
   994  0.6250000E-01  0.5000000E+00 -0.5000000E+00
   995  0.0000000E+00  0.4375000E+00 -0.5000000E+00
   996  0.6250000E-01  0.4375000E+00 -0.5000000E+00
   997  0.6250000E-01  0.5000000E+00 -0.5000000E+00
   998  0.1250000E+00  0.5000000E+00 -0.5000000E+00
   999  0.6250000E-01  0.4375000E+00 -0.5000000E+00
  1000  0.1250000E+00  0.4375000E+00 -0.5000000E+00
  1001  0.1250000E+00  0.5000000E+00 -0.5000000E+00
  1002  0.1875000E+00  0.5000000E+00 -0.5000000E+00
  1003  0.1250000E+00  0.4375000E+00 -0.5000000E+00
  1004  0.1875000E+00  0.4375000E+00 -0.5000000E+00
  1005  0.1875000E+00  0.5000000E+00 -0.5000000E+00
  1006  0.2500000E+00  0.5000000E+00 -0.5000000E+00
  1007  0.1875000E+00  0.4375000E+00 -0.5000000E+00
  1008  0.2500000E+00  0.4375000E+00 -0.5000000E+00
  1009  0.2500000E+00  0.5000000E+00 -0.5000000E+00
  1010  0.3125000E+00  0.5000000E+00 -0.5000000E+00
  1011  0.2500000E+00  0.4375000E+00 -0.5000000E+00
  1012  0.3125000E+00  0.4375000E+00 -0.5000000E+00
  1013  0.3125000E+00  0.5000000E+00 -0.5000000E+00
  1014  0.3750000E+00  0.5000000E+00 -0.5000000E+00
  1015  0.3125000E+00  0.4375000E+00 -0.5000000E+00
  1016  0.3750000E+00  0.4375000E+00 -0.5000000E+00
  1017  0.3750000E+00  0.5000000E+00 -0.5000000E+00
  1018  0.4375000E+00  0.5000000E+00 -0.5000000E+00
  1019  0.3750000E+00  0.4375000E+00 -0.5000000E+00
  1020  0.4375000E+00  0.4375000E+00 -0.5000000E+00
  1021  0.4375000E+00  0.5000000E+00 -0.5000000E+00
  1022  0.5000000E+00  0.5000000E+00 -0.5000000E+00
  1023  0.4375000E+00  0.4375000E+00 -0.5000000E+00
  1024  0.5000000E+00  0.4375000E+00 -0.5000000E+00
     0  0.0000000E+00  0.0000000E+00  0.0000000E+00
      1      2      4      3
      3      4      6      5
      5      6      8      7
      9     10     12     11
     11     12     14     13
     13     14     16     15
     17     18     20     19
     19     20     22     21
     21     22     24     23
     25     26     28     27
     27     28     30     29
     29     30     32     31
     33     34     36     35
     35     36     38     37
     37     38     40     39
     41     42     44     43
     43     44     46     45
     45     46     48     47
     49     50     52     51
     51     52     54     53
     53     54     56     55
     57     58     60     59
     59     60     62     61
     61     62     64     63
     65     66     68     67
     67     68     70     69
     69     70     72     71
     73     74     76     75
     75     76     78     77
     77     78     80     79
     81     82     84     83
     83     84     86     85
     85     86     88     87
     89     90     92     91
     91     92     94     93
     93     94     96     95
     97     98    100     99
     99    100    102    101
    101    102    104    103
    105    106    108    107
    107    108    110    109
    109    110    112    111
    113    114    116    115
    115    116    118    117
    117    118    120    119
    121    122    124    123
    123    124    126    125
    125    126    128    127
    129    130    134    133
    130    131    135    134
    131    132    136    135
    137    138    142    141
    138    139    143    142
    139    140    144    143
    145    146    150    149
    146    147    151    150
    147    148    152    151
    153    154    158    157
    154    155    159    158
    155    156    160    159
    161    162    166    165
    162    163    167    166
    163    164    168    167
    169    170    174    173
    170    171    175    174
    171    172    176    175
    177    178    182    181
    178    179    183    182
    179    180    184    183
    185    186    190    189
    186    187    191    190
    187    188    192    191
    193    194    198    197
    194    195    199    198
    195    196    200    199
    201    202    206    205
    202    203    207    206
    203    204    208    207
    209    210    214    213
    210    211    215    214
    211    212    216    215
    217    218    222    221
    218    219    223    222
    219    220    224    223
    225    226    230    229
    226    227    231    230
    227    228    232    231
    233    234    238    237
    234    235    239    238
    235    236    240    239
    241    242    246    245
    242    243    247    246
    243    244    248    247
    249    250    254    253
    250    251    255    254
    251    252    256    255
    257    258    260    259
    259    260    262    261
    261    262    264    263
    265    266    268    267
    267    268    270    269
    269    270    272    271
    273    274    276    275
    275    276    278    277
    277    278    280    279
    281    282    284    283
    283    284    286    285
    285    286    288    287
    289    290    292    291
    291    292    294    293
    293    294    296    295
    297    298    300    299
    299    300    302    301
    301    302    304    303
    305    306    308    307
    307    308    310    309
    309    310    312    311
    313    314    316    315
    315    316    318    317
    317    318    320    319
    321    322    324    323
    323    324    326    325
    325    326    328    327
    329    330    332    331
    331    332    334    333
    333    334    336    335
    337    338    340    339
    339    340    342    341
    341    342    344    343
    345    346    348    347
    347    348    350    349
    349    350    352    351
    353    354    356    355
    355    356    358    357
    357    358    360    359
    361    362    364    363
    363    364    366    365
    365    366    368    367
    369    370    372    371
    371    372    374    373
    373    374    376    375
    377    378    380    379
    379    380    382    381
    381    382    384    383
    385    386    388    387
    387    388    390    389
    389    390    392    391
    393    394    396    395
    395    396    398    397
    397    398    400    399
    401    402    404    403
    403    404    406    405
    405    406    408    407
    409    410    412    411
    411    412    414    413
    413    414    416    415
    417    418    420    419
    419    420    422    421
    421    422    424    423
    425    426    428    427
    427    428    430    429
    429    430    432    431
    433    434    436    435
    435    436    438    437
    437    438    440    439
    441    442    444    443
    443    444    446    445
    445    446    448    447
    449    450    452    451
    451    452    454    453
    453    454    456    455
    457    458    460    459
    459    460    462    461
    461    462    464    463
    465    466    468    467
    467    468    470    469
    469    470    472    471
    473    474    476    475
    475    476    478    477
    477    478    480    479
    481    482    484    483
    483    484    486    485
    485    486    488    487
    489    490    492    491
    491    492    494    493
    493    494    496    495
    497    498    500    499
    499    500    502    501
    501    502    504    503
    505    506    508    507
    507    508    510    509
    509    510    512    511
    513    514    516    515
    517    518    520    519
    521    522    524    523
    525    526    528    527
    529    530    532    531
    533    534    536    535
    537    538    540    539
    541    542    544    543
    545    546    548    547
    549    550    552    551
    553    554    556    555
    557    558    560    559
    561    562    564    563
    565    566    568    567
    569    570    572    571
    573    574    576    575
    577    578    580    579
    581    582    584    583
    585    586    588    587
    589    590    592    591
    593    594    596    595
    597    598    600    599
    601    602    604    603
    605    606    608    607
    609    610    612    611
    613    614    616    615
    617    618    620    619
    621    622    624    623
    625    626    628    627
    629    630    632    631
    633    634    636    635
    637    638    640    639
    641    642    644    643
    645    646    648    647
    649    650    652    651
    653    654    656    655
    657    658    660    659
    661    662    664    663
    665    666    668    667
    669    670    672    671
    673    674    676    675
    677    678    680    679
    681    682    684    683
    685    686    688    687
    689    690    692    691
    693    694    696    695
    697    698    700    699
    701    702    704    703
    705    706    708    707
    709    710    712    711
    713    714    716    715
    717    718    720    719
    721    722    724    723
    725    726    728    727
    729    730    732    731
    733    734    736    735
    737    738    740    739
    741    742    744    743
    745    746    748    747
    749    750    752    751
    753    754    756    755
    757    758    760    759
    761    762    764    763
    765    766    768    767
    769    770    772    771
    773    774    776    775
    777    778    780    779
    781    782    784    783
    785    786    788    787
    789    790    792    791
    793    794    796    795
    797    798    800    799
    801    802    804    803
    805    806    808    807
    809    810    812    811
    813    814    816    815
    817    818    820    819
    821    822    824    823
    825    826    828    827
    829    830    832    831
    833    834    836    835
    837    838    840    839
    841    842    844    843
    845    846    848    847
    849    850    852    851
    853    854    856    855
    857    858    860    859
    861    862    864    863
    865    866    868    867
    869    870    872    871
    873    874    876    875
    877    878    880    879
    881    882    884    883
    885    886    888    887
    889    890    892    891
    893    894    896    895
    897    898    900    899
    901    902    904    903
    905    906    908    907
    909    910    912    911
    913    914    916    915
    917    918    920    919
    921    922    924    923
    925    926    928    927
    929    930    932    931
    933    934    936    935
    937    938    940    939
    941    942    944    943
    945    946    948    947
    949    950    952    951
    953    954    956    955
    957    958    960    959
    961    962    964    963
    965    966    968    967
    969    970    972    971
    973    974    976    975
    977    978    980    979
    981    982    984    983
    985    986    988    987
    989    990    992    991
    993    994    996    995
    997    998   1000    999
   1001   1002   1004   1003
   1005   1006   1008   1007
   1009   1010   1012   1011
   1013   1014   1016   1015
   1017   1018   1020   1019
   1021   1022   1024   1023
      0      0      0      0
