225 
176 
0.000000E+00 0.000000E+00 1.000000E-01 
5.000000E-01 0.000000E+00 1.000000E-01 
5.000000E-01 0.000000E+00 -2.500000E-01 
2.500000E-01 0.000000E+00 -5.000000E-01 
0.000000E+00 0.000000E+00 -5.000000E-01 
0.000000E+00 0.000000E+00 1.000000E-01 
4.987261E-01 3.566959E-02 1.000000E-01 
4.987261E-01 3.566959E-02 -2.500000E-01 
2.493630E-01 1.783480E-02 -5.000000E-01 
0.000000E+00 0.000000E+00 -5.000000E-01 
0.000000E+00 0.000000E+00 1.000000E-01 
4.949107E-01 7.115742E-02 1.000000E-01 
4.949107E-01 7.115742E-02 -2.500000E-01 
2.474554E-01 3.557871E-02 -5.000000E-01 
0.000000E+00 0.000000E+00 -5.000000E-01 
0.000000E+00 0.000000E+00 1.000000E-01 
4.885734E-01 1.062826E-01 1.000000E-01 
4.885734E-01 1.062826E-01 -2.500000E-01 
2.442867E-01 5.314132E-02 -5.000000E-01 
0.000000E+00 0.000000E+00 -5.000000E-01 
0.000000E+00 0.000000E+00 1.000000E-01 
4.797465E-01 1.408663E-01 1.000000E-01 
4.797465E-01 1.408663E-01 -2.500000E-01 
2.398732E-01 7.043314E-02 -5.000000E-01 
0.000000E+00 0.000000E+00 -5.000000E-01 
0.000000E+00 0.000000E+00 1.000000E-01 
4.684749E-01 1.747321E-01 1.000000E-01 
4.684749E-01 1.747321E-01 -2.500000E-01 
2.342374E-01 8.736604E-02 -5.000000E-01 
0.000000E+00 0.000000E+00 -5.000000E-01 
0.000000E+00 0.000000E+00 1.000000E-01 
4.548160E-01 2.077075E-01 1.000000E-01 
4.548160E-01 2.077075E-01 -2.500000E-01 
2.274080E-01 1.038538E-01 -5.000000E-01 
0.000000E+00 0.000000E+00 -5.000000E-01 
0.000000E+00 0.000000E+00 1.000000E-01 
4.388395E-01 2.396245E-01 1.000000E-01 
4.388395E-01 2.396245E-01 -2.500000E-01 
2.194197E-01 1.198122E-01 -5.000000E-01 
0.000000E+00 0.000000E+00 -5.000000E-01 
0.000000E+00 0.000000E+00 1.000000E-01 
4.206268E-01 2.703204E-01 1.000000E-01 
4.206268E-01 2.703204E-01 -2.500000E-01 
2.103134E-01 1.351602E-01 -5.000000E-01 
0.000000E+00 0.000000E+00 -5.000000E-01 
0.000000E+00 0.000000E+00 1.000000E-01 
4.002706E-01 2.996388E-01 1.000000E-01 
4.002706E-01 2.996388E-01 -2.500000E-01 
2.001353E-01 1.498194E-01 -5.000000E-01 
0.000000E+00 0.000000E+00 -5.000000E-01 
0.000000E+00 0.000000E+00 1.000000E-01 
3.778748E-01 3.274304E-01 1.000000E-01 
3.778748E-01 3.274304E-01 -2.500000E-01 
1.889374E-01 1.637152E-01 -5.000000E-01 
0.000000E+00 0.000000E+00 -5.000000E-01 
0.000000E+00 0.000000E+00 1.000000E-01 
3.535534E-01 3.535534E-01 1.000000E-01 
3.535534E-01 3.535534E-01 -2.500000E-01 
1.767767E-01 1.767767E-01 -5.000000E-01 
0.000000E+00 0.000000E+00 -5.000000E-01 
0.000000E+00 0.000000E+00 1.000000E-01 
3.274304E-01 3.778748E-01 1.000000E-01 
3.274304E-01 3.778748E-01 -2.500000E-01 
1.637152E-01 1.889374E-01 -5.000000E-01 
0.000000E+00 0.000000E+00 -5.000000E-01 
0.000000E+00 0.000000E+00 1.000000E-01 
2.996388E-01 4.002706E-01 1.000000E-01 
2.996388E-01 4.002706E-01 -2.500000E-01 
1.498194E-01 2.001353E-01 -5.000000E-01 
0.000000E+00 0.000000E+00 -5.000000E-01 
0.000000E+00 0.000000E+00 1.000000E-01 
2.703204E-01 4.206268E-01 1.000000E-01 
2.703204E-01 4.206268E-01 -2.500000E-01 
1.351602E-01 2.103134E-01 -5.000000E-01 
0.000000E+00 0.000000E+00 -5.000000E-01 
0.000000E+00 0.000000E+00 1.000000E-01 
2.396245E-01 4.388395E-01 1.000000E-01 
2.396245E-01 4.388395E-01 -2.500000E-01 
1.198122E-01 2.194197E-01 -5.000000E-01 
0.000000E+00 0.000000E+00 -5.000000E-01 
0.000000E+00 0.000000E+00 1.000000E-01 
2.077075E-01 4.548160E-01 1.000000E-01 
2.077075E-01 4.548160E-01 -2.500000E-01 
1.038538E-01 2.274080E-01 -5.000000E-01 
0.000000E+00 0.000000E+00 -5.000000E-01 
0.000000E+00 0.000000E+00 1.000000E-01 
1.747321E-01 4.684749E-01 1.000000E-01 
1.747321E-01 4.684749E-01 -2.500000E-01 
8.736604E-02 2.342374E-01 -5.000000E-01 
0.000000E+00 0.000000E+00 -5.000000E-01 
0.000000E+00 0.000000E+00 1.000000E-01 
1.408663E-01 4.797465E-01 1.000000E-01 
1.408663E-01 4.797465E-01 -2.500000E-01 
7.043314E-02 2.398732E-01 -5.000000E-01 
0.000000E+00 0.000000E+00 -5.000000E-01 
0.000000E+00 0.000000E+00 1.000000E-01 
1.062826E-01 4.885734E-01 1.000000E-01 
1.062826E-01 4.885734E-01 -2.500000E-01 
5.314132E-02 2.442867E-01 -5.000000E-01 
0.000000E+00 0.000000E+00 -5.000000E-01 
0.000000E+00 0.000000E+00 1.000000E-01 
7.115742E-02 4.949107E-01 1.000000E-01 
7.115742E-02 4.949107E-01 -2.500000E-01 
3.557871E-02 2.474554E-01 -5.000000E-01 
0.000000E+00 0.000000E+00 -5.000000E-01 
0.000000E+00 0.000000E+00 1.000000E-01 
3.566959E-02 4.987261E-01 1.000000E-01 
3.566959E-02 4.987261E-01 -2.500000E-01 
1.783480E-02 2.493630E-01 -5.000000E-01 
0.000000E+00 0.000000E+00 -5.000000E-01 
0.000000E+00 0.000000E+00 1.000000E-01 
3.061617E-17 5.000000E-01 1.000000E-01 
3.061617E-17 5.000000E-01 -2.500000E-01 
1.530808E-17 2.500000E-01 -5.000000E-01 
0.000000E+00 0.000000E+00 -5.000000E-01 
-0.000000E+00 0.000000E+00 1.000000E-01 
-3.566959E-02 4.987261E-01 1.000000E-01 
-3.566959E-02 4.987261E-01 -2.500000E-01 
-1.783480E-02 2.493630E-01 -5.000000E-01 
-0.000000E+00 0.000000E+00 -5.000000E-01 
-0.000000E+00 0.000000E+00 1.000000E-01 
-7.115742E-02 4.949107E-01 1.000000E-01 
-7.115742E-02 4.949107E-01 -2.500000E-01 
-3.557871E-02 2.474554E-01 -5.000000E-01 
-0.000000E+00 0.000000E+00 -5.000000E-01 
-0.000000E+00 0.000000E+00 1.000000E-01 
-1.062826E-01 4.885734E-01 1.000000E-01 
-1.062826E-01 4.885734E-01 -2.500000E-01 
-5.314132E-02 2.442867E-01 -5.000000E-01 
-0.000000E+00 0.000000E+00 -5.000000E-01 
-0.000000E+00 0.000000E+00 1.000000E-01 
-1.408663E-01 4.797465E-01 1.000000E-01 
-1.408663E-01 4.797465E-01 -2.500000E-01 
-7.043314E-02 2.398732E-01 -5.000000E-01 
-0.000000E+00 0.000000E+00 -5.000000E-01 
-0.000000E+00 0.000000E+00 1.000000E-01 
-1.747321E-01 4.684749E-01 1.000000E-01 
-1.747321E-01 4.684749E-01 -2.500000E-01 
-8.736604E-02 2.342374E-01 -5.000000E-01 
-0.000000E+00 0.000000E+00 -5.000000E-01 
-0.000000E+00 0.000000E+00 1.000000E-01 
-2.077075E-01 4.548160E-01 1.000000E-01 
-2.077075E-01 4.548160E-01 -2.500000E-01 
-1.038538E-01 2.274080E-01 -5.000000E-01 
-0.000000E+00 0.000000E+00 -5.000000E-01 
-0.000000E+00 0.000000E+00 1.000000E-01 
-2.396245E-01 4.388395E-01 1.000000E-01 
-2.396245E-01 4.388395E-01 -2.500000E-01 
-1.198122E-01 2.194197E-01 -5.000000E-01 
-0.000000E+00 0.000000E+00 -5.000000E-01 
-0.000000E+00 0.000000E+00 1.000000E-01 
-2.703204E-01 4.206268E-01 1.000000E-01 
-2.703204E-01 4.206268E-01 -2.500000E-01 
-1.351602E-01 2.103134E-01 -5.000000E-01 
-0.000000E+00 0.000000E+00 -5.000000E-01 
-0.000000E+00 0.000000E+00 1.000000E-01 
-2.996388E-01 4.002706E-01 1.000000E-01 
-2.996388E-01 4.002706E-01 -2.500000E-01 
-1.498194E-01 2.001353E-01 -5.000000E-01 
-0.000000E+00 0.000000E+00 -5.000000E-01 
-0.000000E+00 0.000000E+00 1.000000E-01 
-3.274304E-01 3.778748E-01 1.000000E-01 
-3.274304E-01 3.778748E-01 -2.500000E-01 
-1.637152E-01 1.889374E-01 -5.000000E-01 
-0.000000E+00 0.000000E+00 -5.000000E-01 
-0.000000E+00 0.000000E+00 1.000000E-01 
-3.535534E-01 3.535534E-01 1.000000E-01 
-3.535534E-01 3.535534E-01 -2.500000E-01 
-1.767767E-01 1.767767E-01 -5.000000E-01 
-0.000000E+00 0.000000E+00 -5.000000E-01 
-0.000000E+00 0.000000E+00 1.000000E-01 
-3.778748E-01 3.274304E-01 1.000000E-01 
-3.778748E-01 3.274304E-01 -2.500000E-01 
-1.889374E-01 1.637152E-01 -5.000000E-01 
-0.000000E+00 0.000000E+00 -5.000000E-01 
-0.000000E+00 0.000000E+00 1.000000E-01 
-4.002706E-01 2.996388E-01 1.000000E-01 
-4.002706E-01 2.996388E-01 -2.500000E-01 
-2.001353E-01 1.498194E-01 -5.000000E-01 
-0.000000E+00 0.000000E+00 -5.000000E-01 
-0.000000E+00 0.000000E+00 1.000000E-01 
-4.206268E-01 2.703204E-01 1.000000E-01 
-4.206268E-01 2.703204E-01 -2.500000E-01 
-2.103134E-01 1.351602E-01 -5.000000E-01 
-0.000000E+00 0.000000E+00 -5.000000E-01 
-0.000000E+00 0.000000E+00 1.000000E-01 
-4.388395E-01 2.396245E-01 1.000000E-01 
-4.388395E-01 2.396245E-01 -2.500000E-01 
-2.194197E-01 1.198122E-01 -5.000000E-01 
-0.000000E+00 0.000000E+00 -5.000000E-01 
-0.000000E+00 0.000000E+00 1.000000E-01 
-4.548160E-01 2.077075E-01 1.000000E-01 
-4.548160E-01 2.077075E-01 -2.500000E-01 
-2.274080E-01 1.038538E-01 -5.000000E-01 
-0.000000E+00 0.000000E+00 -5.000000E-01 
-0.000000E+00 0.000000E+00 1.000000E-01 
-4.684749E-01 1.747321E-01 1.000000E-01 
-4.684749E-01 1.747321E-01 -2.500000E-01 
-2.342374E-01 8.736604E-02 -5.000000E-01 
-0.000000E+00 0.000000E+00 -5.000000E-01 
-0.000000E+00 0.000000E+00 1.000000E-01 
-4.797465E-01 1.408663E-01 1.000000E-01 
-4.797465E-01 1.408663E-01 -2.500000E-01 
-2.398732E-01 7.043314E-02 -5.000000E-01 
-0.000000E+00 0.000000E+00 -5.000000E-01 
-0.000000E+00 0.000000E+00 1.000000E-01 
-4.885734E-01 1.062826E-01 1.000000E-01 
-4.885734E-01 1.062826E-01 -2.500000E-01 
-2.442867E-01 5.314132E-02 -5.000000E-01 
-0.000000E+00 0.000000E+00 -5.000000E-01 
-0.000000E+00 0.000000E+00 1.000000E-01 
-4.949107E-01 7.115742E-02 1.000000E-01 
-4.949107E-01 7.115742E-02 -2.500000E-01 
-2.474554E-01 3.557871E-02 -5.000000E-01 
-0.000000E+00 0.000000E+00 -5.000000E-01 
-0.000000E+00 0.000000E+00 1.000000E-01 
-4.987261E-01 3.566959E-02 1.000000E-01 
-4.987261E-01 3.566959E-02 -2.500000E-01 
-2.493630E-01 1.783480E-02 -5.000000E-01 
-0.000000E+00 0.000000E+00 -5.000000E-01 
-0.000000E+00 0.000000E+00 1.000000E-01 
-5.000000E-01 6.123234E-17 1.000000E-01 
-5.000000E-01 6.123234E-17 -2.500000E-01 
-2.500000E-01 3.061617E-17 -5.000000E-01 
-0.000000E+00 0.000000E+00 -5.000000E-01 
1 2 7 6 
6 7 12 11 
11 12 17 16 
16 17 22 21 
21 22 27 26 
26 27 32 31 
31 32 37 36 
36 37 42 41 
41 42 47 46 
46 47 52 51 
51 52 57 56 
56 57 62 61 
61 62 67 66 
66 67 72 71 
71 72 77 76 
76 77 82 81 
81 82 87 86 
86 87 92 91 
91 92 97 96 
96 97 102 101 
101 102 107 106 
106 107 112 111 
111 112 117 116 
116 117 122 121 
121 122 127 126 
126 127 132 131 
131 132 137 136 
136 137 142 141 
141 142 147 146 
146 147 152 151 
151 152 157 156 
156 157 162 161 
161 162 167 166 
166 167 172 171 
171 172 177 176 
176 177 182 181 
181 182 187 186 
186 187 192 191 
191 192 197 196 
196 197 202 201 
201 202 207 206 
206 207 212 211 
211 212 217 216 
216 217 222 221 
2 3 8 7 
7 8 13 12 
12 13 18 17 
17 18 23 22 
22 23 28 27 
27 28 33 32 
32 33 38 37 
37 38 43 42 
42 43 48 47 
47 48 53 52 
52 53 58 57 
57 58 63 62 
62 63 68 67 
67 68 73 72 
72 73 78 77 
77 78 83 82 
82 83 88 87 
87 88 93 92 
92 93 98 97 
97 98 103 102 
102 103 108 107 
107 108 113 112 
112 113 118 117 
117 118 123 122 
122 123 128 127 
127 128 133 132 
132 133 138 137 
137 138 143 142 
142 143 148 147 
147 148 153 152 
152 153 158 157 
157 158 163 162 
162 163 168 167 
167 168 173 172 
172 173 178 177 
177 178 183 182 
182 183 188 187 
187 188 193 192 
192 193 198 197 
197 198 203 202 
202 203 208 207 
207 208 213 212 
212 213 218 217 
217 218 223 222 
3 4 9 8 
8 9 14 13 
13 14 19 18 
18 19 24 23 
23 24 29 28 
28 29 34 33 
33 34 39 38 
38 39 44 43 
43 44 49 48 
48 49 54 53 
53 54 59 58 
58 59 64 63 
63 64 69 68 
68 69 74 73 
73 74 79 78 
78 79 84 83 
83 84 89 88 
88 89 94 93 
93 94 99 98 
98 99 104 103 
103 104 109 108 
108 109 114 113 
113 114 119 118 
118 119 124 123 
123 124 129 128 
128 129 134 133 
133 134 139 138 
138 139 144 143 
143 144 149 148 
148 149 154 153 
153 154 159 158 
158 159 164 163 
163 164 169 168 
168 169 174 173 
173 174 179 178 
178 179 184 183 
183 184 189 188 
188 189 194 193 
193 194 199 198 
198 199 204 203 
203 204 209 208 
208 209 214 213 
213 214 219 218 
218 219 224 223 
4 5 10 9 
9 10 15 14 
14 15 20 19 
19 20 25 24 
24 25 30 29 
29 30 35 34 
34 35 40 39 
39 40 45 44 
44 45 50 49 
49 50 55 54 
54 55 60 59 
59 60 65 64 
64 65 70 69 
69 70 75 74 
74 75 80 79 
79 80 85 84 
84 85 90 89 
89 90 95 94 
94 95 100 99 
99 100 105 104 
104 105 110 109 
109 110 115 114 
114 115 120 119 
119 120 125 124 
124 125 130 129 
129 130 135 134 
134 135 140 139 
139 140 145 144 
144 145 150 149 
149 150 155 154 
154 155 160 159 
159 160 165 164 
164 165 170 169 
169 170 175 174 
174 175 180 179 
179 180 185 184 
184 185 190 189 
189 190 195 194 
194 195 200 199 
199 200 205 204 
204 205 210 209 
209 210 215 214 
214 215 220 219 
219 220 225 224 
